2.567,30,77,65
B0,mixamorig_Hips,-1,0.9964985847473145,-0.06976836919784546,0.04590437933802605,0,0.07881306856870651,0.9673980474472046,-0.24068285524845123,0,-0.027615437284111977,0.24345648288726807,0.969510018825531,0,0.025519823655486107,3.229114294052124,-0.11675392836332321,1
B1,mixamorig_Spine,0,0.9972692728042603,0.03263707458972931,0.06616658717393875,0,-0.061469849199056625,0.8635009527206421,0.5005866289138794,0,-0.040798354893922806,-0.5032892823219299,0.8631488084793091,0,0,0.2202170044183731,0.008104999549686909,1
B2,mixamorig_Spine1,1,0.9997831583023071,0.011661927215754986,0.01727117784321308,0,-0.011961430311203003,0.9997778534889221,0.01737586222589016,0,-0.017065247520804405,-0.01757836528122425,0.9997001886367798,0,0,0.25709301233291626,0,1
B3,mixamorig_Spine2,2,0.9997601509094238,0.013990990817546844,0.016824539750814438,0,-0.014285493642091751,0.9997439384460449,0.017562923952937126,0,-0.016573674976825714,-0.017799053341150284,0.9997040629386902,0,0,0.2938210070133209,0,1
B4,mixamorig_Neck,3,0.9995625615119934,-0.016346562653779984,-0.024609047919511795,0,0.021749984472990036,0.9708940982818604,0.23851828277111053,0,0.019994337111711502,-0.23895001411437988,0.9708251357078552,0,0,0.3305479884147644,0,1
B5,mixamorig_Head,4,0.9949706196784973,-0.0006406141328625381,-0.09970724582672119,0,0.005900344345718622,0.998586118221283,0.05251235142350197,0,0.0995393842458725,-0.05288229510188103,0.9935974478721619,0,0,0.12481100112199783,-0.008554999716579914,1
B6,mixamorig_HeadTop_End,5,1,0,0,0,0,1,0,0,0,0,1,0,0,0.784824013710022,-0.053794000297784805,1
B7,mixamorig_LeftShoulder,3,-0.25225260853767395,-0.053554777055978775,-0.9661773443222046,0,0.9675443768501282,-0.02945028804242611,-0.25097766518592834,0,-0.015013378113508224,-0.9981303215026855,0.05924544855952263,0,0.1384260058403015,0.2913219928741455,0.001838000025600195,1
B8,mixamorig_LeftArm,7,0.9364208579063416,-0.26576298475265503,-0.22765444219112396,0,0.31884223222732544,0.37986770272254944,0.8679934144020081,0,-0.14419247210025787,-0.8859026432037354,0.44084522128105164,0,0,0.2904999852180481,0,1
B9,mixamorig_LeftForeArm,8,0.6179296374320984,0.7860289216041565,-0.004496410023421049,0,-0.7857790589332581,0.6175647377967834,-0.029394911602139473,0,-0.020339159294962883,0.02169704996049404,0.9995573163032532,0,0,0.4395270049571991,0,1
B10,mixamorig_LeftHand,9,0.8542548418045044,-0.36868807673454285,-0.36644572019577026,0,-0.08496314287185669,0.5964452624320984,-0.7981439232826233,0,0.5128304362297058,0.712954044342041,0.47818952798843384,0,0,0.5992599725723267,0,1
B11,mixamorig_LeftHandThumb1,10,0.8606216907501221,0.4865839183330536,-0.15021422505378723,0,-0.3874068558216095,0.81703782081604,0.4270381033420563,0,0.33052167296409607,-0.30932483077049255,0.8916690945625305,0,-0.0829010009765625,0.056887999176979065,0.033245999366045,1
B12,mixamorig_LeftHandThumb2,11,0.9949591755867004,0.0997936949133873,-0.009908673353493214,0,-0.09948068857192993,0.9946410655975342,0.028163548558950424,0,0.012665994465351105,-0.02703523077070713,0.999553918838501,0,-0.0114120002835989,0.08394499868154526,0,1
B13,mixamorig_LeftHandThumb3,12,0.9958393573760986,0.09089753776788712,0.006399104371666908,0,-0.09054248034954071,0.994966983795166,-0.04293052479624748,0,-0.010268575511872768,0.04217246174812317,0.9990577101707458,0,0.001142999972216785,0.0930820032954216,0,1
B14,mixamorig_LeftHandThumb4,13,1,0,0,0,0,1,0,0,0,0,1,0,0.010269000194966793,0.07683300226926804,0,1
B15,mixamorig_LeftHandIndex1,10,0.9931987524032593,0.11513630300760269,0.017195453867316246,0,-0.1038711741566658,0.809778094291687,0.5774644017219543,0,0.05256133899092674,-0.5753255486488342,0.8162335753440857,0,-0.09299299865961075,0.2458769977092743,0.003114999970421195,1
B16,mixamorig_LeftHandIndex2,15,1,0,0,0,0,1,6.216941272896293e-8,0,0,-6.216941272896293e-8,1,0,0.000015999999959603883,0.08608599752187729,0,1
B17,mixamorig_LeftHandIndex3,16,0.9999629855155945,0.00863581895828247,-0.00029893784085288644,0,-0.00863581895828247,0.9975636005401611,-0.06922955065965652,0,-0.00029893784085288644,0.06922955065965652,0.9976006746292114,0,-0.000009999999747378752,0.08524399995803833,0,1
B18,mixamorig_LeftHandIndex4,17,1,0,0,0,0,1,0,0,0,0,1,0,-0.000004999999873689376,0.07169900089502335,0,1
B19,mixamorig_LeftHandMiddle1,10,0.9932926297187805,0.1154838278889656,0.0055799600668251514,0,-0.10323615372180939,0.8641510605812073,0.4925267696380615,0,0.052056826651096344,-0.4898003339767456,0.8702782392501831,0,-0.03177399933338165,0.24490000307559967,0.004255000036209822,1
B20,mixamorig_LeftHandMiddle2,19,0.9999379515647888,-0.011114409193396568,-0.0005134973325766623,0,0.011114409193396568,0.9956777095794678,0.0922122597694397,0,-0.0005134973325766623,-0.0922122597694397,0.9957388043403625,0,0.000011000000085914508,0.10925000160932541,0,1
B21,mixamorig_LeftHandMiddle3,20,0.9999889731407166,0.004752502776682377,-0.00009393783693667501,0,-0.004752502776682377,0.9992111325263977,-0.03942914307117462,0,-0.00009393783693667501,0.03942914307117462,0.9992221593856812,0,-0.000015999999959603883,0.10728400200605392,0,1
B22,mixamorig_LeftHandMiddle4,21,1,0,0,0,0,1,0,0,0,0,1,0,0.000004999999873689376,0.0978970006108284,0,1
B23,mixamorig_LeftHandRing1,10,0.994179368019104,0.10771359503269196,0.0019543238449841738,0,-0.09392623603343964,0.8577529788017273,0.5054063200950623,0,0.05276252701878548,-0.5026490092277527,0.8628790378570557,0,0.034658998250961304,0.2718319892883301,0.003166999900713563,1
B24,mixamorig_LeftHandRing2,23,0.9999349117279053,-0.011420166119933128,-0.0005423729890026152,0,0.011420166119933128,0.9954386353492737,0.09472038596868515,0,-0.0005423729890026152,-0.09472038596868515,0.9955037236213684,0,0.000006000000212225132,0.08845499902963638,0,1
B25,mixamorig_LeftHandRing3,24,0.9999889731407166,0.004748616833239794,-0.0000940000027185306,0,-0.004748616833239794,0.9992125034332275,-0.03938255086541176,0,-0.00009312434121966362,0.03938255086541176,0.9992244839668274,0,0.000039999998989515007,0.08349200338125229,0,1
B26,mixamorig_LeftHandRing4,25,1,0,0,0,0,1,0,0,0,0,1,0,-0.00004600000102072954,0.07037899643182755,0,1
B27,mixamorig_LeftHandPinky1,10,0.997997522354126,0.042457785457372665,-0.046876210719347,0,-0.005339708179235458,0.7950885891914368,0.6064687967300415,0,0.0630197823047638,-0.6050043106079102,0.7937241196632385,0,0.0901079997420311,0.269336998462677,0.0028699999675154686,1
B28,mixamorig_LeftHandPinky2,27,0.9974679946899414,0.0711100623011589,0.00029200001154094934,0,-0.0711100623011589,0.9974349737167358,0.008155000396072865,0,0.00028899998869746923,-0.008155000396072865,0.9999669790267944,0,0.00013499999477062374,0.0707089975476265,0,1
B29,mixamorig_LeftHandPinky3,28,0.999998927116394,0.0016826005885377526,0.00031681350083090365,0,-0.0016556006157770753,0.9974871277809143,-0.07083466649055481,0,-0.00043518649181351066,0.07083459943532944,0.9974881410598755,0,0.0000870000003487803,0.05762600153684616,0,1
B30,mixamorig_LeftHandPinky4,29,1,0,0,0,0,1,0,0,0,0,1,0,-0.00022200000239536166,0.042041998356580734,0,1
B31,mixamorig_RightShoulder,3,0.10109958797693253,-0.01869564689695835,0.9946985244750977,0,-0.9929916858673096,-0.06336433440446854,0.09973534941673279,0,0.061162710189819336,-0.9978150725364685,-0.02496935985982418,0,-0.1384260058403015,0.2912929952144623,0.0010499999625608325,1
B32,mixamorig_RightArm,31,0.6403048634529114,0.37005147337913513,-0.6728807687759399,0,-0.2591109275817871,0.928827702999115,0.264313668012619,0,0.7228830456733704,0.005187390372157097,0.6908801198005676,0,0,0.2904999852180481,0,1
B33,mixamorig_RightForeArm,32,-0.03567814081907272,-0.9989129304885864,0.027078738436102867,0,0.9986439347267151,-0.03660902753472328,-0.03468955308198929,0,0.03564932942390442,0.025804119184613228,0.9990310072898865,0,0,0.4395669996738434,0,1
B34,mixamorig_RightHand,33,0.8140488862991333,0.5562920570373535,0.16684755682945251,0,-0.4106035530567169,0.7544265389442444,-0.5120936036109924,0,-0.4107465147972107,0.34835928678512573,0.8425565361976624,0,0,0.5990020036697388,0,1
B35,mixamorig_RightHandThumb1,34,0.8358985781669617,-0.5373330116271973,0.1120087206363678,0,0.3525051474571228,0.6819530725479126,0.6408262848854065,0,-0.4207250475883484,-0.49618053436279297,0.7594561576843262,0,0.07858700305223465,0.055858999490737915,0.03144000098109245,1
B36,mixamorig_RightHandThumb2,35,0.9972344636917114,0.07406327873468399,0.005605218466371298,0,-0.07425221800804138,0.9959500432014465,0.05063120275735855,0,-0.0018325435230508447,-0.05090763792395592,0.9987017512321472,0,0.009664000011980534,0.08055300265550613,0,1
B37,mixamorig_RightHandThumb3,36,0.9943678379058838,-0.10526000708341599,-0.012381517328321934,0,0.10455287992954254,0.9933522343635559,-0.04816111549735069,0,0.01736856997013092,0.046596113592386246,0.9987624287605286,0,-0.0007980000227689743,0.09821899980306625,0,1
B38,mixamorig_RightHandThumb4,37,1,0,0,0,0,1,0,0,0,0,1,0,-0.00886599998921156,0.08128199726343155,0,1
B39,mixamorig_RightHandIndex1,34,0.9964200258255005,0.031066006049513817,0.07862310856580734,0,-0.07139268517494202,0.8073073029518127,0.5857952833175659,0,-0.04527590796351433,-0.5893110632896423,0.8066357374191284,0,0.09475299715995789,0.2529670000076294,0.004517999943345785,1
B40,mixamorig_RightHandIndex2,39,1,0.000003062169525946956,0,0,-0.000003062169525946956,1,0.000026497355065657757,0,0,-0.000026497355065657757,1,0,0.000014999999621068127,0.0848739966750145,0,1
B41,mixamorig_RightHandIndex3,40,0.9999660849571228,-0.00824140477925539,0.00031056482112035155,0,0.00824140477925539,0.9971259236335754,-0.07531070709228516,0,0.00031056482112035155,0.07531070709228516,0.9971598982810974,0,0.000014000000192027073,0.08154100179672241,0,1
B42,mixamorig_RightHandIndex4,41,1,0,0,0,0,1,0,0,0,0,1,0,-0.000029000000722589903,0.07011699676513672,0,1
B43,mixamorig_RightHandMiddle1,34,0.9991644024848938,0.021203262731432915,0.03494410961866379,0,-0.029771655797958374,0.9632992148399353,0.26677265763282776,0,-0.02800584025681019,-0.2675897479057312,0.9631254076957703,0,0.02772199921309948,0.2502959966659546,0.0038469999562948942,1
B44,mixamorig_RightHandMiddle2,43,0.9997985363006592,0.01994013786315918,0.002155715599656105,0,-0.01996401511132717,0.9791346192359924,0.20222732424736023,0,0.0019221508409827948,-0.2022293359041214,0.9793360829353333,0,0.00015700000221841037,0.1060900017619133,0,1
B45,mixamorig_RightHandMiddle3,44,0.9999094009399414,0.006827663630247116,-0.011547772213816643,0,-0.006048543378710747,0.9977898001670837,0.06614920496940613,0,0.01197423879057169,-0.06607338041067123,0.9977415800094604,0,-0.000018999999156221747,0.10275900363922119,0,1
B46,mixamorig_RightHandMiddle4,45,1,0,0,0,0,1,0,0,0,0,1,0,-0.00013800000306218863,0.09159000217914581,0,1
B47,mixamorig_RightHandRing1,34,0.9996607899665833,0.025201311334967613,0.006580930203199387,0,-0.024970239028334618,0.9991354942321777,-0.03319011256098747,0,-0.007411687634885311,0.033014558255672455,0.9994256496429443,0,-0.03647800162434578,0.25637900829315186,0.006010999903082848,1
B48,mixamorig_RightHandRing2,47,0.9994376301765442,0.0330345593392849,0.005676711443811655,0,-0.0330345593392849,0.9420978426933289,0.33370018005371094,0,0.005676711443811655,-0.33370018005371094,0.9426601529121399,0,0.000007999999979801942,0.09416700154542923,0,1
B49,mixamorig_RightHandRing3,48,0.9994282722473145,0.025037849321961403,-0.02270977571606636,0,-0.019951364025473595,0.9792700409889221,0.20154167711734772,0,0.027286693453788757,-0.20097389817237854,0.9792092442512512,0,-0.000009999999747378752,0.08698000013828278,0,1
B50,mixamorig_RightHandRing4,49,1,0,0,0,0,1,0,0,0,0,1,0,0.0000019999999949504854,0.07747200131416321,0,1
B51,mixamorig_RightHandPinky1,34,0.9978541731834412,0.05284864827990532,-0.0386289618909359,0,-0.06272578239440918,0.940794050693512,-0.3330990970134735,0,0.018735408782958984,0.3348076641559601,0.9420912861824036,0,-0.08599700033664703,0.25457900762557983,0.005853999871760607,1
B52,mixamorig_RightHandPinky2,51,0.998500645160675,0.05212920159101486,0.016679154708981514,0,-0.052183013409376144,0.8147746920585632,0.5774098634719849,0,0.0165114663541317,-0.577414870262146,0.8162740468978882,0,-0.00005199999941396527,0.07827500253915787,0,1
B53,mixamorig_RightHandPinky3,52,0.9997497797012329,0.022118734195828438,0.003412060672417283,0,-0.022198926657438278,0.9606382846832275,0.2768497169017792,0,0.002848423318937421,-0.2768566608428955,0.9608885049819946,0,0.00006900000153109431,0.061941999942064285,0,1
B54,mixamorig_RightHandPinky4,53,1,0,0,0,0,1,0,0,0,0,1,0,-0.000015999999959603883,0.05420200154185295,0,1
B55,mixamorig_LeftUpLeg,0,-0.967761218547821,-0.20822225511074066,0.14168071746826172,0,0.21995770931243896,-0.42502912878990173,0.8777821063995361,0,-0.12249406427145004,0.8806681036949158,0.4571218490600586,0,0.1880349963903427,-0.12249399721622467,0.04344800114631653,1
B56,mixamorig_LeftLeg,55,0.9873690605163574,-0.08810457587242126,0.13160988688468933,0,0.10477620363235474,-0.2593962848186493,-0.9600185751914978,0,0.11873423308134079,0.9616833925247192,-0.24688181281089783,0,0,1.1067359447479248,0,1
B57,mixamorig_LeftFoot,56,0.9902566075325012,-0.09244542568922043,0.10413916409015656,0,-0.005332078319042921,0.7221376895904541,0.6917060613632202,0,-0.1391509622335434,-0.6855217218399048,0.7146086096763611,0,0,1.0646979808807373,0,1
B58,mixamorig_LeftToeBase,57,0.998633086681366,-0.0010007963282987475,0.05224891006946564,0,-0.026430346071720123,0.8528420329093933,0.5214998126029968,0,-0.045082785189151764,-0.5221678614616394,0.8516499996185303,0,0,0.39963701367378235,0,1
B59,mixamorig_LeftToe_End,58,1,0,0,0,0,1,0,0,0,0,1,0,0,0.16027100384235382,0,1
B60,mixamorig_RightUpLeg,0,-0.9971179366111755,-0.07573629170656204,-0.004133617039769888,0,0.04627792537212372,-0.6504660248756409,0.7580658793449402,0,-0.06011248007416725,0.7556902170181274,0.6520950198173523,0,-0.1880349963903427,-0.12249399721622467,0.04724099859595299,1
B61,mixamorig_RightLeg,60,0.9945498704910278,0.02906286157667637,-0.0997856929898262,0,-0.07631821185350418,0.8560465574264526,-0.5112239718437195,0,0.07056944817304611,0.5160394906997681,0.8536157011985779,0,0,1.1064130067825317,0,1
B62,mixamorig_RightFoot,61,0.9807090163230896,0.17133070528507233,-0.09380185604095459,0,-0.019281573593616486,0.5627117156982422,0.826414942741394,0,0.1943659484386444,-0.8086627125740051,0.5551882386207581,0,0,1.0645370483398438,0,1
B63,mixamorig_RightToeBase,62,0.9986646175384521,0.00102736905682832,-0.0516568161547184,0,0.0260752085596323,0.8531224131584167,0.5210584402084351,0,0.044604815542697906,-0.5217094421386719,0.8519561886787415,0,0,0.4002879858016968,0,1
B64,mixamorig_RightToe_End,63,1,0,0,0,0,1,0,0,0,0,1,0,0,0.1606930047273636,0,1
@52,0,1,2,3,4,5,7,8,9,10,11,12,13,15,16,17,19,20,21,23,24,25,27,28,29,31,32,33,34,35,36,37,39,40,41,43,44,45,47,48,49,51,52,53,55,56,57,58,60,61,62,63
K0.000,0.9935020208358765,0.03703799843788147,0.10762199759483337,0,-0.008976000361144543,0.9681230187416077,-0.25031501054763794,0,-0.11346200108528137,0.24772299826145172,0.9621639847755432,0,0.030077999457716942,3.2902209758758545,-0.12319300323724747,1,0.9874410033226013,-0.0735509991645813,0.13982300460338593,0,-0.02071399986743927,0.8171120285987854,0.5761060118675232,0,-0.15662400424480438,-0.5717669725418091,0.8053269982337952,0,0,0.2202170044183731,0.008104999549686909,1,0.9995589852333069,0.015123000368475914,0.025565000250935555,0,-0.014688000082969666,0.9997460246086121,-0.017108000814914703,0,-0.02581699937582016,0.016724999994039536,0.9995269775390625,0,0,0.25709301233291626,0,1,0.9994819760322571,0.019703999161720276,0.02545499987900257,0,-0.019284000620245934,0.9996749758720398,-0.016645999625325203,0,-0.0257750004529953,0.016147000715136528,0.9995369911193848,0,0,0.2938210070133209,0,1,0.9954019784927368,-0.07466199994087219,-0.05999600142240524,0,0.08621300011873245,0.9713119864463806,0.22162899374961853,0,0.041728001087903976,-0.22578200697898865,0.9732840061187744,0,0,0.3305479884147644,0,1,0.950206995010376,-0.171875,-0.25993600487709045,0,0.16857099533081055,0.9850630164146423,-0.0351249985396862,0,0.2620899975299835,-0.010440999642014503,0.9649869799613953,0,0,0.12481100112199783,-0.008554999716579914,1,-0.17882299423217773,-0.041992999613285065,-0.9829850196838379,0,0.9837830066680908,0.006527000106871128,-0.17924700677394867,0,0.013942999765276909,-0.9990969896316528,0.04014499858021736,0,0.1384260058403015,0.2913219928741455,0.001838000025600195,1,0.8138779997825623,-0.23701299726963043,0.5304980278015137,0,-0.24582700431346893,0.68681800365448,0.6839950084686279,0,-0.5264710187911987,-0.6870989799499512,0.5007219910621643,0,0,0.2904999852180481,0,1,0.4917159974575043,0.8707069754600525,-0.009217999875545502,0,-0.8704299926757812,0.4912149906158447,-0.03256100043654442,0,-0.023823000490665436,0.024034999310970306,0.9994270205497742,0,0,0.4395270049571991,0,1,0.8339499831199646,-0.3922469913959503,-0.3881630003452301,0,0.016277000308036804,0.7205749750137329,-0.6931859850883484,0,0.5515999794006348,0.5717650055885315,0.6073079705238342,0,0,0.5992599725723267,0,1,0.8980410099029541,0.3940410017967224,-0.19558599591255188,0,-0.27786898612976074,0.8527780175209045,0.44221898913383484,0,0.34104400873184204,-0.34278398752212524,0.8753219842910767,0,-0.0829010009765625,0.056887999176979065,0.033245999366045,1,0.988910973072052,0.1478389948606491,-0.014082999899983406,0,-0.14743000268936157,0.9887139797210693,0.02663400024175644,0,0.017861999571323395,-0.024261999875307083,0.9995459914207458,0,-0.0114120002835989,0.08394499868154526,0,1,0.9920030236244202,0.1262120008468628,0.0012260000221431255,0,-0.125900000333786,0.9901469945907593,-0.061305999755859375,0,-0.008950999937951565,0.06066099926829338,0.998117983341217,0,0.001142999972216785,0.0930820032954216,0,1,0.9984989762306213,0.04375400021672249,-0.032933998852968216,0,-0.01720299944281578,0.8215479850769043,0.5698789954185486,0,0.05199100077152252,-0.5684570074081421,0.8210679888725281,0,-0.09299299865961075,0.2458769977092743,0.003114999970421195,1,1,0,0,0,0,1,0,0,0,0,1,0,0.000015999999959603883,0.08608599752187729,0,1,0.9999489784240723,0.010098000057041645,-0.0004090000002179295,0,-0.010098000057041645,0.9966670274734497,-0.08095400035381317,0,-0.0004090000002179295,0.08095400035381317,0.9967179894447327,0,-0.000009999999747378752,0.08524399995803833,0,1,0.9982650279998779,0.050317998975515366,-0.030592000111937523,0,-0.03001599945127964,0.8817229866981506,0.47081199288368225,0,0.05066400021314621,-0.4690769910812378,0.8817030191421509,0,-0.03177399933338165,0.24490000307559967,0.004255000036209822,1,0.9999420046806335,-0.010797999799251556,-0.00048499999684281647,0,0.010797999799251556,0.9959200024604797,0.08958700299263,0,-0.00048499999684281647,-0.08958700299263,0.9959790110588074,0,0.000011000000085914508,0.10925000160932541,0,1,0.9999859929084778,0.00534099992364645,-0.00011899999663000926,0,-0.00534099992364645,0.999002993106842,-0.04431299865245819,0,-0.00011800000356743112,0.04431299865245819,0.9990180134773254,0,-0.000015999999959603883,0.10728400200605392,0,1,0.9985870122909546,0.03857899829745293,-0.03655900061130524,0,-0.017199000343680382,0.8853880167007446,0.4645340144634247,0,0.050289999693632126,-0.46324899792671204,0.8848000168800354,0,0.034658998250961304,0.2718319892883301,0.003166999900713563,1,0.9999430179595947,-0.010631999932229519,-0.00046999999904073775,0,0.010631999932229519,0.9960479736328125,0.08818300068378448,0,-0.00046999999904073775,-0.08818300068378448,0.9961040019989014,0,0.000006000000212225132,0.08845499902963638,0,1,0.9999889731407166,0.004648999776691198,-0.00009000000136438757,0,-0.004648999776691198,0.9992460012435913,-0.0385579988360405,0,-0.00009000000136438757,0.0385579988360405,0.9992560148239136,0,0.000039999998989515007,0.08349200338125229,0,1,0.9938520193099976,-0.04424799978733063,-0.10149399936199188,0,0.09215699881315231,0.8386650085449219,0.5367940068244934,0,0.06136700138449669,-0.5428469777107239,0.837585985660553,0,0.0901079997420311,0.269336998462677,0.0028699999675154686,1,0.9974679946899414,0.07111100107431412,0.00029200001154094934,0,-0.07111100107431412,0.9974349737167358,0.008155000396072865,0,0.00028899998869746923,-0.008155000396072865,0.9999669790267944,0,0.00013499999477062374,0.0707089975476265,0,1,1,0.0006590000120922923,0.0003420000139158219,0,-0.0006360000115819275,0.9980769753456116,-0.061980001628398895,0,-0.00038300000596791506,0.061980001628398895,0.9980769753456116,0,0.0000870000003487803,0.05762600153684616,0,1,-0.015325999818742275,-0.0017590000061318278,0.9998810291290283,0,-0.9771239757537842,-0.212117001414299,-0.015351000241935253,0,0.212118998169899,-0.9772430062294006,0.0015320000238716602,0,-0.1384260058403015,0.2912929952144623,0.0010499999625608325,1,0.5822359919548035,0.7574949860572815,-0.29530099034309387,0,-0.3941510021686554,0.5806679725646973,0.7123690247535706,0,0.7110880017280579,-0.2983739972114563,0.6366530060768127,0,0,0.2904999852180481,0,1,0.099590003490448,-0.9947770237922668,0.022379999980330467,0,0.9945089817047119,0.09878599643707275,-0.03454599902033806,0,0.03215499967336655,0.025697000324726105,0.9991520047187805,0,0,0.4395669996738434,0,1,0.8270869851112366,0.4963400065898895,0.26376599073410034,0,-0.22048500180244446,0.7181609869003296,-0.6600229740142822,0,-0.5170230269432068,0.48774001002311707,0.7034180164337158,0,0,0.5990020036697388,0,1,0.8852630257606506,-0.42122000455856323,0.19718900322914124,0,0.2429019957780838,0.7802950143814087,0.5763149857521057,0,-0.3966200053691864,-0.46229299902915955,0.7930809855461121,0,0.07858700305223465,0.055858999490737915,0.03144000098109245,1,0.9913859963417053,-0.13048799335956573,0.01127300038933754,0,0.1299470067024231,0.9907199740409851,0.039847999811172485,0,-0.016367999836802483,-0.038040000945329666,0.9991419911384583,0,0.009664000011980534,0.08055300265550613,0,1,0.993461012840271,-0.11361700296401978,-0.011285999789834023,0,0.11288399994373322,0.9922360181808472,-0.052198998630046844,0,0.017129000276327133,0.05058399960398674,0.9985730051994324,0,-0.0007980000227689743,0.09821899980306625,0,1,0.9988719820976257,-0.0012039999710395932,0.04746200144290924,0,-0.02290399931371212,0.8634380102157593,0.5039349794387817,0,-0.04158800095319748,-0.5044540166854858,0.8624370098114014,0,0.09475299715995789,0.2529670000076294,0.004517999943345785,1,1,0,0,0,0,1,0,0,0,0,1,0,0.000014999999621068127,0.0848739966750145,0,1,0.9999769926071167,-0.006763999816030264,0.00020900000527035445,0,0.006763999816030264,0.9980649948120117,-0.061806000769138336,0,0.00020900000527035445,0.061806000769138336,0.998088002204895,0,0.000014000000192027073,0.08154100179672241,0,1,0.999642014503479,0.000910000002477318,0.026722999289631844,0,-0.007356999907642603,0.970209002494812,0.24215899407863617,0,-0.02570600062608719,-0.24226899445056915,0.969868004322052,0,0.02772199921309948,0.2502959966659546,0.0038469999562948942,1,0.9998400211334229,0.017788000404834747,0.0017340000486001372,0,-0.017805999144911766,0.9830840229988098,0.1822900027036667,0,0.0015379999531432986,-0.18229100108146667,0.9832429885864258,0,0.00015700000221841037,0.1060900017619133,0,1,0.9998649954795837,0.005164000205695629,-0.015604999847710133,0,-0.004368999972939491,0.9987109899520874,0.050579000264406204,0,0.015845999121665955,-0.05050399899482727,0.9985979795455933,0,-0.000018999999156221747,0.10275900363922119,0,1,0.9997079968452454,0.020670000463724136,0.012486999854445457,0,-0.020802000537514687,0.9997280240058899,0.010568000376224518,0,-0.012264999561011791,-0.010824999772012234,0.9998660087585449,0,-0.03647800162434578,0.25637900829315186,0.006010999903082848,1,0.9995189905166626,0.030626000836491585,0.004858000203967094,0,-0.030626000836491585,0.9504500031471252,0.30936500430107117,0,0.004856999963521957,-0.30936500430107117,0.9509310126304626,0,0.000007999999979801942,0.09416700154542923,0,1,0.9994969964027405,0.01975799910724163,-0.024822000414133072,0,-0.015603999607264996,0.9873759746551514,0.15762299299240112,0,0.027622999623417854,-0.15715700387954712,0.9871870279312134,0,-0.000009999999747378752,0.08698000013828278,0,1,0.9974960088729858,0.06863199919462204,-0.017054999247193336,0,-0.07069800049066544,0.9737730026245117,-0.21626099944114685,0,0.001765000051818788,0.2169249951839447,0.976186990737915,0,-0.08599700033664703,0.25457900762557983,0.005853999871760607,1,0.998753011226654,0.047972001135349274,0.013798999600112438,0,-0.04801499843597412,0.8476799726486206,0.5283309817314148,0,0.013647999614477158,-0.5283349752426147,0.8489260077476501,0,-0.00005199999941396527,0.07827500253915787,0,1,0.9998739957809448,0.015752999112010002,0.0018370000179857016,0,-0.015798000618815422,0.9791359901428223,0.20259100198745728,0,0.0013920000055804849,-0.20259399712085724,0.9792619943618774,0,0.00006900000153109431,0.061941999942064285,0,1,-0.987725019454956,-0.1536960005760193,0.027869999408721924,0,0.15030500292778015,-0.8866199851036072,0.43739399313926697,0,-0.04251600056886673,0.43621399998664856,0.8988379836082458,0,0.1880349963903427,-0.12249399721622467,0.04344800114631653,1,0.9799900054931641,-0.005762999877333641,0.19896599650382996,0,0.13702400028705597,0.744566023349762,-0.6533340215682983,0,-0.14437800645828247,0.667523980140686,0.7304570078849792,0,0,1.1067359447479248,0,1,0.9848690032958984,-0.03657300025224686,0.16939499974250793,0,-0.07681600004434586,0.7840719819068909,0.6158980131149292,0,-0.15534299612045288,-0.619592010974884,0.7693989872932434,0,0,1.0646979808807373,0,1,0.9985880255699158,-0.0017480000387877226,0.053098998963832855,0,-0.026704000309109688,0.8475160002708435,0.5300970077514648,0,-0.04592899978160858,-0.5307660102844238,0.8462730050086975,0,0,0.39963701367378235,0,1,-0.9990310072898865,-0.030417000874876976,-0.031824998557567596,0,-0.02455900050699711,-0.2148820012807846,0.9763309955596924,0,-0.03653499856591225,0.9761660099029541,0.2139270007610321,0,-0.1880349963903427,-0.12249399721622467,0.04724099859595299,1,0.994055986404419,-0.0485600009560585,-0.09743499755859375,0,-0.09827899932861328,-0.015297000296413898,-0.995041012763977,0,0.04682900011539459,0.9987030029296875,-0.019979000091552734,0,0,1.1064130067825317,0,1,0.9943230152130127,0.07319000363349915,-0.07723300158977509,0,0.04712200164794922,0.3478969931602478,0.936348021030426,0,0.09540099650621414,-0.9346709847450256,0.34247300028800964,0,0,1.0645370483398438,0,1,0.9986839890480042,0.0007019999902695417,-0.051281001418828964,0,0.02595899999141693,0.8554390072822571,0.5172529816627502,0,0.044231001287698746,-0.5179039835929871,0.854295015335083,0,0,0.4002879858016968,0,1
K0.033,0.9933390021324158,0.028478901833295822,0.11165502667427063,0,0.00021209812257438898,0.9685249924659729,-0.24891796708106995,0,-0.1152300015091896,0.2472829818725586,0.9620670080184937,0,0.02803298830986023,3.293811082839966,-0.126613050699234,1,0.9878209829330444,-0.06594087928533554,0.14092998206615448,0,-0.028310077264904976,0.8144650459289551,0.5795209407806396,0,-0.15299691259860992,-0.576452910900116,0.8026790618896484,0,0,0.2202170044183731,0.008104999549686909,1,0.999584972858429,0.013352984562516212,0.025536999106407166,0,-0.01276498381048441,0.9996529817581177,-0.02306198514997959,0,-0.025836000218987465,0.022726984694600105,0.9994080066680908,0,0,0.25709301233291626,0,1,0.9995020031929016,0.018281983211636543,0.02573299966752529,0,-0.017700983211398125,0.9995880126953125,-0.022600984200835228,0,-0.026135999709367752,0.02213398553431034,0.999413013458252,0,0,0.2938210070133209,0,1,0.99549800157547,-0.07256397604942322,-0.06098400056362152,0,0.08451797813177109,0.9707949757575989,0.22452901303768158,0,0.042910002171993256,-0.22867201268672943,0.972557008266449,0,0,0.3305479884147644,0,1,0.9538300633430481,-0.15125584602355957,-0.2594819664955139,0,0.15041886270046234,0.988349974155426,-0.023199936375021935,0,0.25996798276901245,-0.01690201833844185,0.9654690027236938,0,0,0.12481100112199783,-0.008554999716579914,1,-0.22048231959342957,-0.05084605887532234,-0.9740649461746216,0,0.9753279685974121,-0.00013908366963732988,-0.22076131403446198,0,0.011088949628174305,-0.9987059831619263,0.0496220737695694,0,0.1384260058403015,0.2913219928741455,0.001838000025600195,1,0.8374301791191101,-0.21828897297382355,0.5010597109794617,0,-0.2692340314388275,0.6330614686012268,0.7257724404335022,0,-0.475629597902298,-0.74268639087677,0.47137367725372314,0,0,0.2904999852180481,0,1,0.5377954244613647,0.843041718006134,-0.007493984419852495,0,-0.8427736759185791,0.5373443961143494,-0.03152699023485184,0,-0.02255098894238472,0.023270992562174797,0.9994750022888184,0,0,0.4395270049571991,0,1,0.8424250483512878,-0.37699684500694275,-0.384958952665329,0,-0.0023081933613866568,0.7119258642196655,-0.702251136302948,0,0.5388088822364807,0.5924822092056274,0.5988738536834717,0,0,0.5992599725723267,0,1,0.8979420065879822,0.3935500383377075,-0.19702598452568054,0,-0.2745000422000885,0.850721001625061,0.44824400544166565,0,0.3440209925174713,-0.34841299057006836,0.8719279766082764,0,-0.0829010009765625,0.056887999176979065,0.033245999366045,1,0.988910973072052,0.1478389948606491,-0.01408500038087368,0,-0.14743000268936157,0.9887139797210693,0.02663400024175644,0,0.01786400005221367,-0.024261999875307083,0.9995459914207458,0,-0.0114120002835989,0.08394499868154526,0,1,0.9915680289268494,0.1295839101076126,0.0006990131223574281,0,-0.1292819082736969,0.9896029829978943,-0.06302595883607864,0,-0.008859002962708473,0.062403954565525055,0.9980120062828064,0,0.001142999972216785,0.0930820032954216,0,1,0.9985250234603882,0.04244905337691307,-0.0338449627161026,0,-0.015612062066793442,0.8215929865837097,0.5698609948158264,0,0.051996998488903046,-0.5684919953346252,0.8210440278053284,0,-0.09299299865961075,0.2458769977092743,0.003114999970421195,1,1,0,0,0,0,1,0,0,0,0,1,0,0.000015999999959603883,0.08608599752187729,0,1,0.9999489784240723,0.010128999128937721,-0.00041199990664608777,0,-0.010128999128937721,0.996645987033844,-0.0812009945511818,0,-0.00041199990664608777,0.0812009945511818,0.9966980218887329,0,-0.000009999999747378752,0.08524399995803833,0,1,0.9982939958572388,0.049410052597522736,-0.03110797144472599,0,-0.0289300587028265,0.881380021572113,0.4715210199356079,0,0.05071499943733215,-0.46981704235076904,0.881305992603302,0,-0.03177399933338165,0.24490000307559967,0.004255000036209822,1,0.9999409914016724,-0.01081900019198656,-0.00048700004117563367,0,0.01081900019198656,0.9959040284156799,0.08976200968027115,0,-0.00048600006266497076,-0.08976200968027115,0.9959629774093628,0,0.000011000000085914508,0.10925000160932541,0,1,0.9999859929084778,0.0053419996984303,-0.00011899996752617881,0,-0.0053419996984303,0.999002993106842,-0.0443199947476387,0,-0.00011799998173955828,0.0443199947476387,0.9990170001983643,0,-0.000015999999959603883,0.10728400200605392,0,1,0.9985949993133545,0.03796606510877609,-0.036970965564250946,0,-0.01637306809425354,0.8845610022544861,0.46613603830337524,0,0.05040000006556511,-0.4648760259151459,0.8839399814605713,0,0.034658998250961304,0.2718319892883301,0.003166999900713563,1,0.9999430179595947,-0.010675000958144665,-0.0004730000509880483,0,0.010675000958144665,0.9960160255432129,0.08853600919246674,0,-0.0004740000586025417,-0.08853600919246674,0.9960730075836182,0,0.000006000000212225132,0.08845499902963638,0,1,0.9999889731407166,0.004621000029146671,-0.0000889999937498942,0,-0.004621000029146671,0.9992539882659912,-0.03832999989390373,0,-0.00008800000068731606,0.03832999989390373,0.9992650151252747,0,0.000039999998989515007,0.08349200338125229,0,1,0.9937710165977478,-0.044489916414022446,-0.10217294842004776,0,0.09292790293693542,0.8368819952011108,0.5394380688667297,0,0.061507001519203186,-0.5455730557441711,0.8358029723167419,0,0.0901079997420311,0.269336998462677,0.0028699999675154686,1,0.9974679946899414,0.07111000269651413,0.00029200001154094934,0,-0.07111000269651413,0.9974349737167358,0.008155000396072865,0,0.00028899998869746923,-0.008155000396072865,0.9999669790267944,0,0.00013499999477062374,0.0707089975476265,0,1,1,0.0006130003021098673,0.0003429999924264848,0,-0.0005900003015995026,0.9981020092964172,-0.06158200278878212,0,-0.00038000004133209586,0.06158200278878212,0.9981020092964172,0,0.0000870000003487803,0.05762600153684616,0,1,-0.011918952688574791,-0.0020380031783133745,0.9999269843101501,0,-0.9786530137062073,-0.2051618993282318,-0.012082953937351704,0,0.20517189800739288,-0.9787260293960571,0.0004509863501880318,0,-0.1384260058403015,0.2912929952144623,0.0010499999625608325,1,0.5524477362632751,0.763719916343689,-0.3339645266532898,0,-0.43905022740364075,0.6071823239326477,0.662241518497467,0,0.7085450887680054,-0.21922723948955536,0.6707481741905212,0,0,0.2904999852180481,0,1,0.02451041154563427,-0.9993870258331299,0.024988019838929176,0,0.9991179704666138,0.023636411875486374,-0.034706000238657,0,0.03409401327371597,0.02581699937582016,0.999085009098053,0,0,0.4395669996738434,0,1,0.8215779662132263,0.5248602032661438,0.2225557118654251,0,-0.2765754461288452,0.7083179950714111,-0.6494548320770264,0,-0.4985128343105316,0.4720247983932495,0.7271022200584412,0,0,0.5990020036697388,0,1,0.8561487197875977,-0.49680063128471375,0.14211949706077576,0,0.32730767130851746,0.7342145442962646,0.5948101878166199,0,-0.3998480439186096,-0.4627300500869751,0.791202962398529,0,0.07858700305223465,0.055858999490737915,0.03144000098109245,1,0.9999088644981384,0.01186460442841053,0.0064709801226854324,0,-0.01216060109436512,0.9987838268280029,0.04778708517551422,0,-0.005896887741982937,-0.04786108061671257,0.9988369941711426,0,0.009664000011980534,0.08055300265550613,0,1,0.9940230250358582,-0.10850988328456879,-0.011983011849224567,0,0.10779187828302383,0.9929310083389282,-0.04968595504760742,0,0.01729000173509121,0.04809695482254028,0.9986929893493652,0,-0.0007980000227689743,0.09821899980306625,0,1,0.9985730051994324,0.004936031997203827,0.05317305028438568,0,-0.032170068472623825,0.8503638505935669,0.5252112150192261,0,-0.042624011635780334,-0.5261722207069397,0.8493088483810425,0,0.09475299715995789,0.2529670000076294,0.004517999943345785,1,1,0,0,0,0,1,0.0000010000100019169622,0,0,-0.0000010000100019169622,1,0,0.000014999999621068127,0.0848739966750145,0,1,0.9999759793281555,-0.00693100318312645,0.00022000021999701858,0,0.00693100318312645,0.9979680180549622,-0.0633380264043808,0,0.00022000021999701858,0.0633380264043808,0.9979919791221619,0,0.000014000000192027073,0.08154100179672241,0,1,0.9996259808540344,0.001287028077058494,0.027321016415953636,0,-0.008010034449398518,0.9688699841499329,0.2474421113729477,0,-0.026152009144425392,-0.24756909906864166,0.968517005443573,0,0.02772199921309948,0.2502959966659546,0.0038469999562948942,1,0.9998210072517395,0.018830005079507828,0.0019330012146383524,0,-0.018851006403565407,0.9812250137329102,0.19194306433200836,0,0.0017180010909214616,-0.19194506108760834,0.9814040064811707,0,0.00015700000221841037,0.1060900017619133,0,1,0.9998810291290283,0.006382005754858255,-0.014057003892958164,0,-0.005511004477739334,0.9981120228767395,0.061164043843746185,0,0.014420004561543465,-0.061080045998096466,0.9980289936065674,0,-0.000018999999156221747,0.10275900363922119,0,1,0.9998499751091003,0.013662018813192844,0.010655989870429039,0,-0.013633017428219318,0.9999030232429504,-0.0027580794412642717,0,-0.01069199200719595,0.0026130795013159513,0.9999390244483948,0,-0.03647800162434578,0.25637900829315186,0.006010999903082848,1,0.9994660019874573,0.03222000598907471,0.005392002407461405,0,-0.03222000598907471,0.9450029730796814,0.32547107338905334,0,0.005392002407461405,-0.32547107338905334,0.9455369710922241,0,0.000007999999979801942,0.09416700154542923,0,1,0.9994810223579407,0.022528016939759254,-0.023019008338451385,0,-0.017978010699152946,0.9832059741020203,0.1816091239452362,0,0.026724012568593025,-0.18110111355781555,0.9831010103225708,0,-0.000009999999747378752,0.08698000013828278,0,1,0.9984430074691772,0.05191199854016304,-0.02041705511510372,0,-0.05537501722574234,0.9665449261665344,-0.2504502534866333,0,0.006733037531375885,0.25119125843048096,0.9679139256477356,0,-0.08599700033664703,0.25457900762557983,0.005853999871760607,1,0.9986079931259155,0.05043201148509979,0.01545900758355856,0,-0.05048101022839546,0.8287299275398254,0.557366132736206,0,0.015298007056117058,-0.5573711395263672,0.8301229476928711,0,-0.00005199999941396527,0.07827500253915787,0,1,0.9998170137405396,0.018948016688227654,0.0025620043743401766,0,-0.019009016454219818,0.9706209301948547,0.23986318707466125,0,0.002058004029095173,-0.2398671954870224,0.9708029627799988,0,0.00006900000153109431,0.061941999942064285,0,1,-0.9844329357147217,-0.17035116255283356,0.04325912892818451,0,0.17141419649124146,-0.8761827945709229,0.4504662752151489,0,-0.03883401304483414,0.45086926221847534,0.89174485206604,0,0.1880349963903427,-0.12249399721622467,0.04344800114631653,1,0.9798799753189087,0.022212132811546326,0.19834785163402557,0,0.13408195972442627,0.662877082824707,-0.7366247177124023,0,-0.14784185588359833,0.7483987212181091,0.6465620994567871,0,0,1.1067359447479248,0,1,0.9921759963035583,-0.03135007619857788,0.12084373086690903,0,-0.04987376928329468,0.7878340482711792,0.6138649582862854,0,-0.11444983631372452,-0.615088939666748,0.7801070809364319,0,0,1.0646979808807373,0,1,0.9985719919204712,-0.00200899806804955,0.05339199677109718,0,-0.026799999177455902,0.8456509709358215,0.5330619812011719,0,-0.04622199758887291,-0.533731997013092,0.8443899750709534,0,0,0.39963701367378235,0,1,-0.9992769956588745,-0.03544800728559494,-0.013739829882979393,0,-0.005477821454405785,-0.22338329255580902,0.9747149348258972,0,-0.037620965391397476,0.9740859270095825,0.2230273187160492,0,-0.1880349963903427,-0.12249399721622467,0.04724099859595299,1,0.9915760159492493,-0.05173789709806442,-0.11874222010374069,0,-0.11364714801311493,0.0922572985291481,-0.9892287850379944,0,0.06213608756661415,0.9943898320198059,0.08560028672218323,0,0,1.1064130067825317,0,1,0.9942669868469238,0.07369213551282883,-0.0774729922413826,0,0.04706893861293793,0.3489290475845337,0.9359660148620605,0,0.0960061252117157,-0.9342469573020935,0.3434600532054901,0,0,1.0645370483398438,0,1,0.9986860156059265,0.0006660012877546251,-0.051238998770713806,0,0.02594600059092045,0.855696976184845,0.5168259739875793,0,0.04418899863958359,-0.5174760222434998,0.8545560240745544,0,0,0.4002879858016968,0,1
