8.300,30,249,65
B0,mixamorig_Hips,-1,0.9999721050262451,-0.007162135094404221,0.0019985537510365248,0,0.007220375817269087,0.9994930624961853,-0.031009145081043243,0,-0.0017755054868757725,0.031023144721984863,0.9995169043540955,0,-0.09615261852741241,2.451862335205078,-0.04441595450043678,1
B1,mixamorig_Spine,0,0.9999659657478333,0.005392866674810648,0.006272722501307726,0,-0.005714107304811478,0.998612105846405,0.052356839179992676,0,-0.005982240661978722,-0.05239088833332062,0.9986090660095215,0,0,0.2202170044183731,0.008104999549686909,1
B2,mixamorig_Spine1,1,0.9987096190452576,0.012027394026517868,0.04933176562190056,0,-0.01280789915472269,0.9997971057891846,0.0155265461653471,0,-0.04913494735956192,-0.016138751059770584,0.9986621141433716,0,0,0.25709301233291626,0,1
B3,mixamorig_Spine2,2,0.998710572719574,0.012730839662253857,0.04915314167737961,0,-0.013490297831594944,0.9997941255569458,0.015137631446123123,0,-0.04895022511482239,-0.01578093133866787,0.9986761808395386,0,0,0.2938210070133209,0,1
B4,mixamorig_Neck,3,0.9989681243896484,-0.03203437477350235,-0.03218034282326698,0,0.031047338619828224,0.9990458488464355,-0.030721444636583328,0,0.0331340990960598,0.02969060093164444,0.9990096688270569,0,0,0.3305479884147644,0,1
B5,mixamorig_Head,4,0.9988595843315125,0.04748380184173584,0.0050052134320139885,0,-0.04774473235011101,0.9923998117446899,0.11341109126806259,0,0.0004182072007097304,-0.11352114379405975,0.9935358166694641,0,0,0.12481100112199783,-0.008554999716579914,1
B6,mixamorig_HeadTop_End,5,1,0,0,0,0,1,0,0,0,0,1,0,0,0.784824013710022,-0.053794000297784805,1
B7,mixamorig_LeftShoulder,3,-0.10763978958129883,-0.0038430767599493265,-0.994181752204895,0,0.9498451352119446,-0.29572197794914246,-0.10169651359319687,0,-0.29361122846603394,-0.9552657604217529,0.03548151254653931,0,0.1384260058403015,0.2913219928741455,0.001838000025600195,1
B8,mixamorig_LeftArm,7,0.8965123295783997,0.39155831933021545,-0.2072385549545288,0,-0.04450279846787453,0.5450188517570496,0.8372420072555542,0,0.4407779276371002,-0.741374671459198,0.5060412883758545,0,0,0.2904999852180481,0,1
B9,mixamorig_LeftForeArm,8,0.8721954822540283,0.4891321063041687,0.005014867056161165,0,-0.4889770448207855,0.8721045255661011,-0.01829145848751068,0,-0.013320374302566051,0.013501844368875027,0.9998200535774231,0,0,0.4395270049571991,0,1
B10,mixamorig_LeftHand,9,0.9346638321876526,-0.3549962043762207,-0.01951524429023266,0,0.35329556465148926,0.9212376475334167,0.16280020773410797,0,-0.039816077798604965,-0.15905815362930298,0.9864658713340759,0,0,0.5992599725723267,0,1
B11,mixamorig_LeftHandThumb1,10,0.9375072121620178,0.3391822278499603,-0.07768738269805908,0,-0.3040548264980316,0.9070900082588196,0.29109835624694824,0,0.16920550167560577,-0.24928581714630127,0.9535336494445801,0,-0.0829010009765625,0.056887999176979065,0.033245999366045,1
B12,mixamorig_LeftHandThumb2,11,0.9887380599975586,-0.14254175126552582,-0.04559473693370819,0,0.1445252150297165,0.9885384440422058,0.04363831877708435,0,0.038852397352457047,-0.04973582550883293,0.9980063438415527,0,-0.0114120002835989,0.08394499868154526,0,1
B13,mixamorig_LeftHandThumb3,12,0.9970242381095886,0.07679182291030884,0.00676685618236661,0,-0.07644582539796829,0.9962045550346375,-0.04163208231329918,0,-0.00993761420249939,0.04099074378609657,0.9991103410720825,0,0.001142999972216785,0.0930820032954216,0,1
B14,mixamorig_LeftHandThumb4,13,1,0,0,0,0,1,0,0,0,0,1,0,0.010269000194966793,0.07683300226926804,0,1
B15,mixamorig_LeftHandIndex1,10,0.996488630771637,0.08324688673019409,-0.008924160152673721,0,-0.07068950682878494,0.8936719298362732,0.4431179165840149,0,0.04486260563135147,-0.4409315586090088,0.896419107913971,0,-0.09299299865961075,0.2458769977092743,0.003114999970421195,1
B16,mixamorig_LeftHandIndex2,15,0.9972410798072815,-0.07085702568292618,-0.022116323933005333,0,0.07085702568292618,0.8199334144592285,0.5680553913116455,0,-0.02211727574467659,-0.5680553913116455,0.8226922750473022,0,0.000015999999959603883,0.08608599752187729,0,1
B17,mixamorig_LeftHandIndex3,16,0.9996943473815918,-0.024614756926894188,-0.0024528184439986944,0,0.024614756926894188,0.9800276756286621,0.1973305642604828,0,-0.0024528666399419308,-0.1973305642604828,0.9803333282470703,0,-0.000009999999747378752,0.08524399995803833,0,1
B18,mixamorig_LeftHandIndex4,17,1,0,0,0,0,1,0,0,0,0,1,0,-0.000004999999873689376,0.07169900089502335,0,1
B19,mixamorig_LeftHandMiddle1,10,0.9984560012817383,0.029987981542944908,-0.04675699397921562,0,-0.0008308824035339057,0.8497228622436523,0.5272287130355835,0,0.055541131645441055,-0.5263755321502686,0.8484363555908203,0,-0.03177399933338165,0.24490000307559967,0.004255000036209822,1
B20,mixamorig_LeftHandMiddle2,19,0.9988559484481812,-0.046865202486515045,-0.00949001032859087,0,0.046865202486515045,0.9201162457466125,0.38882994651794434,0,-0.009491010569036007,-0.38882994651794434,0.9212602376937866,0,0.000011000000085914508,0.10925000160932541,0,1
B21,mixamorig_LeftHandMiddle3,20,0.9997848868370056,-0.02066499926149845,-0.00178472266998142,0,0.02066499926149845,0.9849761128425598,0.17145118117332458,0,-0.00178472266998142,-0.17145118117332458,0.9851912260055542,0,-0.000015999999959603883,0.10728400200605392,0,1
B22,mixamorig_LeftHandMiddle4,21,1,0,0,0,0,1,0,0,0,0,1,0,0.000004999999873689376,0.0978970006108284,0,1
B23,mixamorig_LeftHandRing1,10,0.9979058504104614,0.020616741850972176,-0.061316318809986115,0,0.02164875529706478,0.7867766618728638,0.616858184337616,0,0.06095992773771286,-0.616893470287323,0.7846824526786804,0,0.034658998250961304,0.2718319892883301,0.003166999900713563,1
B24,mixamorig_LeftHandRing2,23,0.9996176362037659,-0.027454202994704247,-0.0031680837273597717,0,0.027454202994704247,0.9733419418334961,0.22770746052265167,0,-0.003168131923303008,-0.22770746052265167,0.9737242460250854,0,0.000006000000212225132,0.08845499902963638,0,1
B25,mixamorig_LeftHandRing3,24,0.9999380111694336,-0.011090830899775028,-0.0005111927748657763,0,0.011090830899775028,0.9956976175308228,0.09199108183383942,0,-0.0005111927748657763,-0.09199108183383942,0.9957596063613892,0,0.000039999998989515007,0.08349200338125229,0,1
B26,mixamorig_LeftHandRing4,25,1,0,0,0,0,1,0,0,0,0,1,0,-0.00004600000102072954,0.07037899643182755,0,1
B27,mixamorig_LeftHandPinky1,10,0.9933253526687622,-0.017240028828382492,-0.11405157297849655,0,0.09428635239601135,0.6909366250038147,0.7167404890060425,0,0.06644530594348907,-0.7227094769477844,0.687950849533081,0,0.0901079997420311,0.269336998462677,0.0028699999675154686,1
B28,mixamorig_LeftHandPinky2,27,0.9995093941688538,0.030559580773115158,-0.006810685619711876,0,-0.026060065254569054,0.9325829744338989,0.36001208424568176,0,0.017353419214487076,-0.3596581220626831,0.93292236328125,0,0.00013499999477062374,0.0707089975476265,0,1
B29,mixamorig_LeftHandPinky3,28,0.9999589920043945,-0.009065000340342522,0.0001340000017080456,0,0.009060000069439411,0.9997109770774841,0.0222777109593153,0,-0.00033599999733269215,-0.022275710478425026,0.9997519850730896,0,0.0000870000003487803,0.05762600153684616,0,1
B30,mixamorig_LeftHandPinky4,29,1,0,0,0,0,1,0,0,0,0,1,0,-0.00022200000239536166,0.042041998356580734,0,1
B31,mixamorig_RightShoulder,3,0.06604666262865067,-0.01744341477751732,0.9976633191108704,0,-0.9621480703353882,-0.26604893803596497,0.05904340371489525,0,0.2643975615501404,-0.9638007283210754,-0.0343557670712471,0,-0.1384260058403015,0.2912929952144623,0.0010499999625608325,1
B32,mixamorig_RightArm,31,0.9078688025474548,-0.3931419551372528,0.1456473022699356,0,0.09966013580560684,0.539804995059967,0.8358685970306396,0,-0.40723666548728943,-0.7443439364433289,0.5292527079582214,0,0,0.2904999852180481,0,1
B33,mixamorig_RightForeArm,32,0.8696969747543335,-0.4935659170150757,-0.00437180744484067,0,0.4934329092502594,0.8696149587631226,-0.017140287905931473,0,0.012261144816875458,0.012750192545354366,0.999843955039978,0,0,0.4395669996738434,0,1
B34,mixamorig_RightHand,33,0.9261760115623474,0.37140822410583496,-0.06522055715322495,0,-0.37288492918014526,0.9278037548065186,-0.011704391799867153,0,0.05616400018334389,0.03516038879752159,0.9978024363517761,0,0,0.5990020036697388,0,1
B35,mixamorig_RightHandThumb1,34,0.9247161149978638,-0.29442718625068665,0.24127338826656342,0,0.2050863653421402,0.9193236827850342,0.3358321785926819,0,-0.32068654894828796,-0.26106783747673035,0.9104962944984436,0,0.07858700305223465,0.055858999490737915,0.03144000098109245,1
B36,mixamorig_RightHandThumb2,35,0.9937759041786194,0.09033526480197906,0.0651848316192627,0,-0.09402722865343094,0.993994414806366,0.05598444864153862,0,-0.05973666533827782,-0.061765678226947784,0.9963012337684631,0,0.009664000011980534,0.08055300265550613,0,1
B37,mixamorig_RightHandThumb3,36,0.9957154989242554,-0.09194178134202957,-0.009825929068028927,0,0.09119363129138947,0.9940242171287537,-0.060000911355018616,0,0.015283023938536644,0.05884780362248421,0.9981498122215271,0,-0.0007980000227689743,0.09821899980306625,0,1
B38,mixamorig_RightHandThumb4,37,1,0,0,0,0,1,0,0,0,0,1,0,-0.00886599998921156,0.08128199726343155,0,1
B39,mixamorig_RightHandIndex1,34,0.9998212456703186,-0.0031123601365834475,0.018673881888389587,0,-0.0003475685080047697,0.9832128286361694,0.1824587732553482,0,-0.018928280100226402,-0.1824326366186142,0.9830360412597656,0,0.09475299715995789,0.2529670000076294,0.004517999943345785,1
B40,mixamorig_RightHandIndex2,39,0.9972934722900391,0.06923970580101013,0.024733886122703552,0,-0.06924065947532654,0.7712715864181519,0.6327270865440369,0,0.024733837693929672,-0.6327270865440369,0.7739781141281128,0,0.000014999999621068127,0.0848739966750145,0,1
B41,mixamorig_RightHandIndex3,40,0.999879777431488,0.015490659512579441,0.0011022165417671204,0,-0.015490659512579441,0.9898090362548828,0.1415543556213379,0,0.0011022646212950349,-0.1415543556213379,0.9899293184280396,0,0.000014000000192027073,0.08154100179672241,0,1
B42,mixamorig_RightHandIndex4,41,1,0,0,0,0,1,0,0,0,0,1,0,-0.000029000000722589903,0.07011699676513672,0,1
B43,mixamorig_RightHandMiddle1,34,0.9995310306549072,-0.007193658500909805,0.02975844033062458,0,-0.0021435506641864777,0.9531787037849426,0.30239295959472656,0,-0.030540982261300087,-0.30231502652168274,0.9527170062065125,0,0.02772199921309948,0.2502959966659546,0.0038469999562948942,1
B44,mixamorig_RightHandMiddle2,43,0.9983393549919128,0.05524807795882225,0.01630466990172863,0,-0.055494509637355804,0.846575915813446,0.529363214969635,0,0.015443947166204453,-0.5293892025947571,0.8482365012168884,0,0.00015700000221841037,0.1060900017619133,0,1
B45,mixamorig_RightHandMiddle3,44,0.9997314214706421,0.01370279211550951,-0.018670571967959404,0,-0.01140870712697506,0.9929590225219727,0.117908775806427,0,0.020155007019639015,-0.11766386777162552,0.9928489923477173,0,-0.000018999999156221747,0.10275900363922119,0,1
B46,mixamorig_RightHandMiddle4,45,1,0,0,0,0,1,0,0,0,0,1,0,-0.00013800000306218863,0.09159000217914581,0,1
B47,mixamorig_RightHandRing1,34,0.9978614449501038,-0.060744430869817734,0.024133892729878426,0,0.04525023698806763,0.9084382653236389,0.4155611991882324,0,-0.04716704785823822,-0.4135802090167999,0.9092446565628052,0,-0.03647800162434578,0.25637900829315186,0.006010999903082848,1
B48,mixamorig_RightHandRing2,47,0.999000072479248,0.043559785932302475,0.010105176828801632,0,-0.043559785932302475,0.8969260454177856,0.4400255084037781,0,0.010104225017130375,-0.4400255084037781,0.8979268670082092,0,0.000007999999979801942,0.09416700154542923,0,1
B49,mixamorig_RightHandRing3,48,0.999618649482727,0.017241915687918663,-0.021589066833257675,0,-0.014010095037519932,0.989800214767456,0.14177221059799194,0,0.023813188076019287,-0.14141559600830078,0.9896640777587891,0,-0.000009999999747378752,0.08698000013828278,0,1
B50,mixamorig_RightHandRing4,49,1,0,0,0,0,1,0,0,0,0,1,0,0.0000019999999949504854,0.07747200131416321,0,1
B51,mixamorig_RightHandPinky1,34,0.9967636466026306,-0.07035180181264877,0.03888937458395958,0,0.03937022387981415,0.8490447998046875,0.5268511176109314,0,-0.07008413970470428,-0.5236157178878784,0.8490668535232544,0,-0.08599700033664703,0.25457900762557983,0.005853999871760607,1
B52,mixamorig_RightHandPinky2,51,0.9992656111717224,0.037481408566236496,0.007984866388142109,0,-0.0375044085085392,0.9136321544647217,0.40480831265449524,0,0.007877818308770657,-0.4048103392124176,0.914366602897644,0,-0.00005199999941396527,0.07827500253915787,0,1
B53,mixamorig_RightHandPinky3,52,0.9999608993530273,0.008869166485965252,0.0007032527355477214,0,-0.008888214826583862,0.9924532175064087,0.12229933589696884,0,0.0003870600485242903,-0.12230134010314941,0.9924932718276978,0,0.00006900000153109431,0.061941999942064285,0,1
B54,mixamorig_RightHandPinky4,53,1,0,0,0,0,1,0,0,0,0,1,0,-0.000015999999959603883,0.05420200154185295,0,1
B55,mixamorig_LeftUpLeg,0,-0.988487720489502,-0.09923821687698364,0.11420703679323196,0,0.11696472018957138,-0.9800365567207336,0.16077058017253876,0,0.09597218036651611,0.17227855324745178,0.9803619980812073,0,0.1880349963903427,-0.12249399721622467,0.04344800114631653,1
B56,mixamorig_LeftLeg,55,0.9882393479347229,0.04858192428946495,0.1449912041425705,0,0.021950500085949898,0.8932967185974121,-0.4489293098449707,0,-0.15133094787597656,0.44683241844177246,0.8817246556282043,0,0,1.1067359447479248,0,1
B57,mixamorig_LeftFoot,56,0.9903435707092285,-0.10263132303953171,0.09320081770420074,0,-0.05471954867243767,0.32831594347953796,0.9429813027381897,0,-0.12737883627414703,-0.9389753937721252,0.3195298910140991,0,0,1.0646979808807373,0,1
B58,mixamorig_LeftToeBase,57,0.9986780881881714,-0.0002673736307770014,0.051398277282714844,0,-0.02616780810058117,0.8580403327941895,0.5129157304763794,0,-0.04423927888274193,-0.513582706451416,0.8568984270095825,0,0,0.39963701367378235,0,1
B59,mixamorig_LeftToe_End,58,1,0,0,0,0,1,0,0,0,0,1,0,0,0.16027100384235382,0,1
B60,mixamorig_RightUpLeg,0,-0.9813838005065918,0.05455068498849869,-0.18414661288261414,0,-0.087041474878788,-0.9810211658477783,0.17326492071151733,0,-0.17119987308979034,0.18606743216514587,0.9675068855285645,0,-0.1880349963903427,-0.12249399721622467,0.04724099859595299,1
B61,mixamorig_RightLeg,60,0.9975624084472656,0.0004110701265744865,-0.06977269053459167,0,-0.03215687349438667,0.8901581168174744,-0.45451289415359497,0,0.06192198395729065,0.45564815402030945,0.8880022168159485,0,0,1.1064130067825317,0,1
B62,mixamorig_RightFoot,61,0.9895985722541809,0.04688991978764534,-0.13599750399589539,0,0.11387234926223755,0.3223497271537781,0.939746081829071,0,0.08790307492017746,-0.9454585313796997,0.3136570453643799,0,0,1.0645370483398438,0,1
B63,mixamorig_RightToeBase,62,0.9987260103225708,0,-0.05045799911022186,0,0.02571204863488674,0.8604180216789246,0.5089390277862549,0,0.043414998799562454,-0.5095880031585693,0.8593220114707947,0,0,0.4002879858016968,0,1
B64,mixamorig_RightToe_End,63,1,0,0,0,0,1,0,0,0,0,1,0,0,0.1606930047273636,0,1
@52,0,1,2,3,4,5,7,8,9,10,11,12,13,15,16,17,19,20,21,23,24,25,27,28,29,31,32,33,34,35,36,37,39,40,41,43,44,45,47,48,49,51,52,53,55,56,57,58,60,61,62,63
K0.000,0.9996240139007568,-0.02339000068604946,0.01430600043386221,0,0.023979000747203827,0.9988080263137817,-0.042525000870227814,0,-0.013294000178575516,0.042851999402046204,0.9989929795265198,0,0.0016980000073090196,2.4501171112060547,-0.03244299814105034,1,0.9999740123748779,0.005198999773710966,0.004904000088572502,0,-0.00547399977222085,0.9983109831809998,0.05784099921584129,0,-0.004594999831169844,-0.05786599963903427,0.9983140230178833,0,0,0.2202170044183731,0.008104999549686909,1,0.9987260103225708,0.006149000022560358,0.0500900000333786,0,-0.007344000041484833,0.9996920228004456,0.023718999698758125,0,-0.049929000437259674,-0.024056000635027885,0.998462975025177,0,0,0.25709301233291626,0,1,0.998727023601532,0.0072130002081394196,0.04993100091814995,0,-0.00839299988001585,0.999688982963562,0.02347400039434433,0,-0.04974599927663803,-0.02386300079524517,0.9984769821166992,0,0,0.2938210070133209,0,1,0.9993810057640076,-0.024910999462008476,-0.024831000715494156,0,0.023656999692320824,0.9984890222549438,-0.049600999802351,0,0.026030000299215317,0.048983000218868256,0.9984599947929382,0,0,0.3305479884147644,0,1,0.9979979991912842,0.06255800276994705,0.009310999885201454,0,-0.06304000318050385,0.9957960247993469,0.06645199656486511,0,-0.005115000065416098,-0.06690599769353867,0.9977459907531738,0,0,0.12481100112199783,-0.008554999716579914,1,-0.09510499984025955,-0.002696000039577484,-0.995464026927948,0,0.950905978679657,-0.2960889935493469,-0.0900460034608841,0,-0.29450300335884094,-0.9551569819450378,0.030722999945282936,0,0.1384260058403015,0.2913219928741455,0.001838000025600195,1,0.8844050168991089,0.422435998916626,-0.19843299686908722,0,-0.07027699798345566,0.5408509969711304,0.8381779789924622,0,0.46139898896217346,-0.7273430228233337,0.508018970489502,0,0,0.2904999852180481,0,1,0.8747419714927673,0.4845620095729828,0.005111000034958124,0,-0.4844079911708832,0.87465500831604,-0.018120000138878822,0,-0.013249999843537807,0.013375000096857548,0.9998229742050171,0,0,0.4395270049571991,0,1,0.9329040050506592,-0.3597249984741211,-0.016971999779343605,0,0.3573560118675232,0.9188690185546875,0.167263001203537,0,-0.04457300156354904,-0.1621060073375702,0.9857659935951233,0,0,0.5992599725723267,0,1,0.9372760057449341,0.3412820100784302,-0.07098899781703949,0,-0.30917200446128845,0.907941997051239,0.2829369902610779,0,0.16101500391960144,-0.24324199557304382,0.9565079808235168,0,-0.0829010009765625,0.056887999176979065,0.033245999366045,1,0.9895309805870056,-0.13815699517726898,-0.04171999916434288,0,0.13992799818515778,0.9892269968986511,0.04300300031900406,0,0.03533000126481056,-0.04839099943637848,0.9982029795646667,0,-0.0114120002835989,0.08394499868154526,0,1,0.997232973575592,0.07400300353765488,0.007000999990850687,0,-0.07365799695253372,0.9964479804039001,-0.040803998708724976,0,-0.009995999746024609,0.040174998342990875,0.9991430044174194,0,0.001142999972216785,0.0930820032954216,0,1,0.9958609938621521,0.09071800112724304,-0.005534000229090452,0,-0.07962200045585632,0.9001740217208862,0.4281899929046631,0,0.04382599890232086,-0.4259769916534424,0.9036719799041748,0,-0.09299299865961075,0.2458769977092743,0.003114999970421195,1,0.9969050288200378,-0.07459499686956406,-0.024809999391436577,0,0.07459499686956406,0.7980049848556519,0.5980160236358643,0,-0.024809999391436577,-0.5980160236358643,0.8011000156402588,0,0.000015999999959603883,0.08608599752187729,0,1,0.9995840191841125,-0.028643999248743057,-0.0033340000081807375,0,0.028643999248743057,0.9728559851646423,0.22963400185108185,0,-0.0033340000081807375,-0.22963400185108185,0.9732710123062134,0,-0.000009999999747378752,0.08524399995803833,0,1,0.9984470009803772,0.03551499918103218,-0.042924001812934875,0,-0.00836700014770031,0.8573160171508789,0.514723002910614,0,0.055080000311136246,-0.5135639905929565,0.8562809824943542,0,-0.03177399933338165,0.24490000307559967,0.004255000036209822,1,0.9986600279808044,-0.05053500086069107,-0.011114000342786312,0,0.05053500086069107,0.906449019908905,0.419281005859375,0,-0.011114000342786312,-0.419281005859375,0.9077879786491394,0,0.000011000000085914508,0.10925000160932541,0,1,0.9997730255126953,-0.021220000460743904,-0.001883000019006431,0,0.021220000460743904,0.9841510057449341,0.17605799436569214,0,-0.001883000019006431,-0.17605799436569214,0.9843779802322388,0,-0.000015999999959603883,0.10728400200605392,0,1,0.998009979724884,0.02396100014448166,-0.05832599848508835,0,0.016618000343441963,0.7923319935798645,0.6098639965057373,0,0.060826998203992844,-0.6096190214157104,0.7903569936752319,0,0.034658998250961304,0.2718319892883301,0.003166999900713563,1,0.9995499849319458,-0.02976899966597557,-0.003734000027179718,0,0.02976899966597557,0.9685810208320618,0.2469090074300766,0,-0.003734000027179718,-0.2469090074300766,0.9690309762954712,0,0.000006000000212225132,0.08845499902963638,0,1,0.99993497133255,-0.011354999616742134,-0.0005360000068321824,0,0.011354999616742134,0.9954900145530701,0.09418299794197083,0,-0.0005360000068321824,-0.09418299794197083,0.9955549836158752,0,0.000039999998989515007,0.08349200338125229,0,1,0.9933410286903381,-0.016238000243902206,-0.11406199634075165,0,0.09453999996185303,0.6807100176811218,0.7264270186424255,0,0.0658470019698143,-0.7323729991912842,0.6777120232582092,0,0.0901079997420311,0.269336998462677,0.0028699999675154686,1,0.9995830059051514,0.02779100090265274,-0.007872000336647034,0,-0.022640999406576157,0.9230909943580627,0.3839150071144104,0,0.01793600060045719,-0.38357600569725037,0.9233350157737732,0,0.00013499999477062374,0.0707089975476265,0,1,0.9999589920043945,-0.009066999889910221,0.0001340000017080456,0,0.00906199961900711,0.9997100234031677,0.022290999069809914,0,-0.00033599999733269215,-0.02228900045156479,0.9997519850730896,0,0.0000870000003487803,0.05762600153684616,0,1,0.07940900325775146,-0.01913600042462349,0.9966580271720886,0,-0.9597520232200623,-0.2716600000858307,0.0712520033121109,0,0.26938900351524353,-0.9622030258178711,-0.03993799909949303,0,-0.1384260058403015,0.2912929952144623,0.0010499999625608325,1,0.9030129909515381,-0.4066599905490875,0.1385439932346344,0,0.11638899892568588,0.541998028755188,0.8322809934616089,0,-0.41354599595069885,-0.7354360222816467,0.5367630124092102,0,0,0.2904999852180481,0,1,0.8677160143852234,-0.4970409870147705,-0.004302999936044216,0,0.49690699577331543,0.8676319718360901,-0.017261000350117683,0,0.012311999686062336,0.012839999981224537,0.9998419880867004,0,0,0.4395669996738434,0,1,0.9239799976348877,0.37568399310112,-0.07157299667596817,0,-0.3763189911842346,0.9264770150184631,0.0049149999395012856,0,0.06815700232982635,0.02239299938082695,0.997422993183136,0,0,0.5990020036697388,0,1,0.9232280254364014,-0.2825450003147125,0.26041901111602783,0,0.18750999867916107,0.9228320121765137,0.3364830017089844,0,-0.3353950083255768,-0.261819988489151,0.9049649834632874,0,0.07858700305223465,0.055858999490737915,0.03144000098109245,1,0.9964060187339783,0.06963200122117996,0.04823099821805954,0,-0.07208000123500824,0.9960920214653015,0.05103199928998947,0,-0.044488999992609024,-0.05432499945163727,0.9975320100784302,0,0.009664000011980534,0.08055300265550613,0,1,0.9943730235099792,-0.10558199882507324,-0.008667999878525734,0,0.10482899844646454,0.9924749732017517,-0.06327500194311142,0,0.015283999964594841,0.06201000139117241,0.9979580044746399,0,-0.0007980000227689743,0.09821899980306625,0,1,0.9997760057449341,0.002423000056296587,0.021025000140070915,0,-0.006513000000268221,0.9804419875144958,0.19669899344444275,0,-0.020137999206781387,-0.19679200649261475,0.9802380204200745,0,0.09475299715995789,0.2529670000076294,0.004517999943345785,1,0.9972820281982422,0.06937000155448914,0.02483999915421009,0,-0.06937000155448914,0.7702890038490295,0.6339110136032104,0,0.02483999915421009,-0.6339110136032104,0.7730069756507874,0,0.000014999999621068127,0.0848739966750145,0,1,0.9998909831047058,0.014702999964356422,0.0009919999865815043,0,-0.014702999964356422,0.9908239841461182,0.1343570053577423,0,0.0009919999865815043,-0.1343570053577423,0.9909330010414124,0,0.000014000000192027073,0.08154100179672241,0,1,0.9994940161705017,-0.0030129998922348022,0.031679000705480576,0,-0.0068419999442994595,0.9518790245056152,0.3063969910144806,0,-0.031077999621629715,-0.3064590096473694,0.9513769745826721,0,0.02772199921309948,0.2502959966659546,0.0038469999562948942,1,0.99822598695755,0.056947000324726105,0.017388999462127686,0,-0.05721199885010719,0.8364099860191345,0.54510897397995,0,0.01649799942970276,-0.5451369881629944,0.8381850123405457,0,0.00015700000221841037,0.1060900017619133,0,1,0.999800980091095,0.013101000338792801,-0.015045000240206718,0,-0.011272000148892403,0.9932090044021606,0.11579900234937668,0,0.016459999606013298,-0.11560700088739395,0.9931589961051941,0,-0.000018999999156221747,0.10275900363922119,0,1,0.9980490207672119,-0.05652200058102608,0.026507999747991562,0,0.040091000497341156,0.905767023563385,0.421875,0,-0.04785599932074547,-0.4199889898300171,0.9062659740447998,0,-0.03647800162434578,0.25637900829315186,0.006010999903082848,1,0.9988939762115479,0.04566600173711777,0.01116899959743023,0,-0.04566600173711777,0.8860719799995422,0.4612930119037628,0,0.01116899959743023,-0.4612930119037628,0.8871780037879944,0,0.000007999999979801942,0.09416700154542923,0,1,0.9997029900550842,0.01655999943614006,-0.01786400005221367,0,-0.013899000361561775,0.9900599718093872,0.13995400071144104,0,0.020004000514745712,-0.13966399431228638,0.9899970293045044,0,-0.000009999999747378752,0.08698000013828278,0,1,0.9969249963760376,-0.06708300113677979,0.040495000779628754,0,0.03642600029706955,0.8543099761009216,0.5184860229492188,0,-0.06937599927186966,-0.5154160261154175,0.8541269898414612,0,-0.08599700033664703,0.25457900762557983,0.005853999871760607,1,0.9992750287055969,0.03724600002169609,0.007876000367105007,0,-0.03726800158619881,0.9148650169372559,0.40203699469566345,0,0.00776899978518486,-0.4020389914512634,0.9155899882316589,0,-0.00005199999941396527,0.07827500253915787,0,1,0.9999579787254333,0.009097999893128872,0.0007319999858736992,0,-0.00911800004541874,0.9921180009841919,0.12497299909591675,0,0.00041099998634308577,-0.12497399747371674,0.9921600222587585,0,0.00006900000153109431,0.061941999942064285,0,1,-0.9932649731636047,-0.07537399977445602,0.08800199627876282,0,0.08858300000429153,-0.9835529923439026,0.1574070006608963,0,0.07469099760055542,0.16414199769496918,0.9836050271987915,0,0.1880349963903427,-0.12249399721622467,0.04344800114631653,1,0.9878100156784058,0.045809000730514526,0.14877000451087952,0,0.031248999759554863,0.877905011177063,-0.4778130054473877,0,-0.15249399840831757,0.47663798928260803,0.865772008895874,0,0,1.1067359447479248,0,1,0.988215982913971,-0.0737999975681305,0.13409900665283203,0,-0.1071000024676323,0.29252201318740845,0.9502419829368591,0,-0.10935500264167786,-0.9534069895744324,0.2811709940433502,0,0,1.0646979808807373,0,1,0.9986720085144043,-0.000375000003259629,0.051523998379707336,0,-0.026205999776721,0.8572790026664734,0.5141850113868713,0,-0.04436400160193443,-0.514851987361908,0.8561300039291382,0,0,0.39963701367378235,0,1,-0.975413978099823,0.08249799907207489,-0.20435799658298492,0,-0.11305099725723267,-0.9832959771156311,0.14264999330043793,0,-0.18917599320411682,0.1622460037469864,0.9684470295906067,0,-0.1880349963903427,-0.12249399721622467,0.04724099859595299,1,0.998432993888855,0.00032900000223889947,-0.055962998420000076,0,-0.024203000590205193,0.9041669964790344,-0.42649200558662415,0,0.05045900121331215,0.4271779954433441,0.902758002281189,0,0,1.1064130067825317,0,1,0.9903600215911865,0.08269699662923813,-0.11112099885940552,0,0.07576800137758255,0.348147988319397,0.9343730211257935,0,0.11595699936151505,-0.9337850213050842,0.33852601051330566,0,0,1.0645370483398438,0,1,0.9987260103225708,0,-0.05045799911022186,0,0.025713000446558,0.8604180216789246,0.5089390277862549,0,0.043414998799562454,-0.5095880031585693,0.8593220114707947,0,0,0.4002879858016968,0,1
K0.033,0.9995859861373901,-0.02494301088154316,0.014364995993673801,0,0.025538010522723198,0.9987549781799316,-0.04285100847482681,0,-0.013277996331453323,0.04320000857114792,0.9989780187606812,0,0.0052100312896072865,2.449306011199951,-0.032827988266944885,1,0.9999750256538391,0.005231998860836029,0.004698998294770718,0,-0.0054969992488622665,0.9982759952545166,0.058444004505872726,0,-0.004384998232126236,-0.05846800282597542,0.9982799887657166,0,0,0.2202170044183731,0.008104999549686909,1,0.9987429976463318,0.005925996694713831,0.04976799711585045,0,-0.0071689966134727,0.9996659755706787,0.024819007143378258,0,-0.04960399493575096,-0.02514500729739666,0.9984520077705383,0,0,0.25709301233291626,0,1,0.998744010925293,0.007004996761679649,0.04960699751973152,0,-0.0082319974899292,0.9996640086174011,0.024583008140325546,0,-0.049417994916439056,-0.02496100775897503,0.9984660148620605,0,0,0.2938210070133209,0,1,0.9994059801101685,-0.024135995656251907,-0.024615999311208725,0,0.02291199564933777,0.9985439777374268,-0.04884398356080055,0,0.025758998468518257,0.04825098440051079,0.9985030293464661,0,0,0.3305479884147644,0,1,0.9979529976844788,0.06326400488615036,0.009353000670671463,0,-0.06374000757932663,0.9958419799804688,0.06507699936628342,0,-0.005197999998927116,-0.06554000079631805,0.9978359937667847,0,0,0.12481100112199783,-0.008554999716579914,1,-0.09386199712753296,-0.002579999854788184,-0.9955819845199585,0,0.9510409832000732,-0.2960050106048584,-0.0888959988951683,0,-0.2944679856300354,-0.9551830291748047,0.030237000435590744,0,0.1384260058403015,0.2913219928741455,0.001838000025600195,1,0.8834840059280396,0.42445799708366394,-0.19822199642658234,0,-0.07159500569105148,0.540503978729248,0.8382899761199951,0,0.4629589915275574,-0.7264230251312256,0.5079150199890137,0,0,0.2904999852180481,0,1,0.8749880194664001,0.4841170012950897,0.005119999870657921,0,-0.4839630126953125,0.8749009966850281,-0.01810400001704693,0,-0.013244000263512135,0.013363000005483627,0.9998229742050171,0,0,0.4395270049571991,0,1,0.9329360127449036,-0.35961100459098816,-0.01761200837790966,0,0.3573090136051178,0.9187300205230713,0.1681230068206787,0,-0.04427899420261383,-0.16314099729061127,0.9856089949607849,0,0,0.5992599725723267,0,1,0.9373390078544617,0.3410249948501587,-0.07140300422906876,0,-0.3088339865207672,0.9080830216407776,0.2828559875488281,0,0.16130100190639496,-0.2430800050497055,0.9565010070800781,0,-0.0829010009765625,0.056887999176979065,0.033245999366045,1,0.9896559715270996,-0.13745898008346558,-0.041068993508815765,0,0.13919498026371002,0.9893350005149841,0.04290099814534187,0,0.03473399206995964,-0.048173997551202774,0.9982349872589111,0,-0.0114120002835989,0.08394499868154526,0,1,0.9972130060195923,0.0742730051279068,0.006984999403357506,0,-0.07392900437116623,0.996425986289978,-0.040862999856472015,0,-0.009995000436902046,0.04023300111293793,0.9991400241851807,0,0.001142999972216785,0.0930820032954216,0,1,0.9958850145339966,0.09044700115919113,-0.005626000463962555,0,-0.07926899939775467,0.8995320200920105,0.4296030104160309,0,0.04391700029373169,-0.427388995885849,0.902999997138977,0,-0.09299299865961075,0.2458769977092743,0.003114999970421195,1,0.9969320297241211,-0.07431100308895111,-0.024597998708486557,0,0.07431100308895111,0.7997329831123352,0.5957379937171936,0,-0.024597998708486557,-0.5957379937171936,0.8028020262718201,0,0.000015999999959603883,0.08608599752187729,0,1,0.9995890259742737,-0.02846199832856655,-0.0032909996807575226,0,0.02846199832856655,0.9732049703598022,0.22817298769950867,0,-0.0032909996807575226,-0.22817298769950867,0.9736149907112122,0,-0.000009999999747378752,0.08524399995803833,0,1,0.9984440207481384,0.03564399853348732,-0.04288100078701973,0,-0.008403999730944633,0.856419026851654,0.5162129998207092,0,0.05512399971485138,-0.5150489807128906,0.8553860187530518,0,-0.03177399933338165,0.24490000307559967,0.004255000036209822,1,0.9986720085144043,-0.05032400041818619,-0.011015999130904675,0,0.05032400041818619,0.9072690010070801,0.4175280034542084,0,-0.011016999371349812,-0.4175280034542084,0.9085969924926758,0,0.000011000000085914508,0.10925000160932541,0,1,0.9997760057449341,-0.0210960004478693,-0.001860999851487577,0,0.0210960004478693,0.9843379855155945,0.17502400279045105,0,-0.001860999851487577,-0.17502400279045105,0.9845619797706604,0,-0.000015999999959603883,0.10728400200605392,0,1,0.9980199933052063,0.02454400435090065,-0.05791599676012993,0,0.01598699577152729,0.791517972946167,0.6109359860420227,0,0.060837000608444214,-0.6106520295143127,0.789559006690979,0,0.034658998250961304,0.2718319892883301,0.003166999900713563,1,0.9995530247688293,-0.02967499941587448,-0.003709999844431877,0,0.02967499941587448,0.968783974647522,0.2461239993572235,0,-0.003709999844431877,-0.2461239993572235,0.9692310094833374,0,0.000006000000212225132,0.08845499902963638,0,1,0.9999359846115112,-0.011297999881207943,-0.0005299999611452222,0,0.011297999881207943,0.9955360293388367,0.09370800107717514,0,-0.0005309999687597156,-0.09370800107717514,0.9955999851226807,0,0.000039999998989515007,0.08349200338125229,0,1,0.9934319853782654,-0.015428993850946426,-0.11338299512863159,0,0.09363599121570587,0.6791620254516602,0.7279919981956482,0,0.06577300280332565,-0.7338269948959351,0.6761450171470642,0,0.0901079997420311,0.269336998462677,0.0028699999675154686,1,0.9995830059051514,0.02779100090265274,-0.007872000336647034,0,-0.022640999406576157,0.9230909943580627,0.3839150071144104,0,0.01793600060045719,-0.38357600569725037,0.9233350157737732,0,0.00013499999477062374,0.0707089975476265,0,1,0.9999589920043945,-0.009069999679923058,0.0001340000017080456,0,0.009064000099897385,0.9997100234031677,0.022311000153422356,0,-0.00033599999733269215,-0.02230899967253208,0.9997509717941284,0,0.0000870000003487803,0.05762600153684616,0,1,0.08215701580047607,-0.019517002627253532,0.9964280128479004,0,-0.9591320157051086,-0.27318400144577026,0.07373101264238358,0,0.27077001333236694,-0.9617639780044556,-0.04116300866007805,0,-0.1384260058403015,0.2912929952144623,0.0010499999625608325,1,0.902059018611908,-0.4086039960384369,0.13904300332069397,0,0.11741700023412704,0.5423129796981812,0.8319309949874878,0,-0.4153349995613098,-0.734125018119812,0.5371749997138977,0,0,0.2904999852180481,0,1,0.8674769997596741,-0.49745801091194153,-0.0042940001003444195,0,0.49732398986816406,0.8673930168151855,-0.01727600023150444,0,0.01231900043785572,0.01285099983215332,0.9998419880867004,0,0,0.4395669996738434,0,1,0.9242240190505981,0.37478500604629517,-0.07311703264713287,0,-0.37551799416542053,0.9268069863319397,0.003970999736338854,0,0.06925302743911743,0.023786013945937157,0.997314989566803,0,0,0.5990020036697388,0,1,0.9233260154724121,-0.28220000863075256,0.2604449987411499,0,0.18771499395370483,0.9233369827270508,0.3349800109863281,0,-0.33500999212265015,-0.2604059875011444,0.9055150151252747,0,0.07858700305223465,0.055858999490737915,0.03144000098109245,1,0.9964619874954224,0.06911800801753998,0.047804009169340134,0,-0.07154601067304611,0.9961280226707458,0.051083002239465714,0,-0.044088006019592285,-0.05432300269603729,0.9975500106811523,0,0.009664000011980534,0.08055300265550613,0,1,0.9943940043449402,-0.10537999123334885,-0.008695000782608986,0,0.10462699085474014,0.9925029873847961,-0.06318099796772003,0,0.015287999995052814,0.06191699951887131,0.9979640245437622,0,-0.0007980000227689743,0.09821899980306625,0,1,0.9997760057449341,0.002020013751462102,0.021060004830360413,0,-0.006151015404611826,0.9801769852638245,0.19803102314472198,0,-0.020243003964424133,-0.19811603426933289,0.9799699783325195,0,0.09475299715995789,0.2529670000076294,0.004517999943345785,1,0.9972879886627197,0.06930000334978104,0.024782998487353325,0,-0.06930000334978104,0.77081698179245,0.6332759857177734,0,0.024782998487353325,-0.6332759857177734,0.7735289931297302,0,0.000014999999621068127,0.0848739966750145,0,1,0.9998930096626282,0.014574997127056122,0.0009749995660968125,0,-0.014574997127056122,0.9909840226173401,0.13318496942520142,0,0.0009749995660968125,-0.13318496942520142,0.9910910129547119,0,0.000014000000192027073,0.08154100179672241,0,1,0.9994919896125793,-0.0035779967438429594,0.031665995717048645,0,-0.006375000346451998,0.9511479735374451,0.30867093801498413,0,-0.031223995611071587,-0.30871593952178955,0.9506419897079468,0,0.02772199921309948,0.2502959966659546,0.0038469999562948942,1,0.9982330203056335,0.05684100463986397,0.017320001497864723,0,-0.05710400268435478,0.8370590209960938,0.5441240072250366,0,0.01643100194633007,-0.5441510081291199,0.8388260006904602,0,0.00015700000221841037,0.1060900017619133,0,1,0.9998000264167786,0.012920997105538845,-0.01523699052631855,0,-0.011096999049186707,0.9933919906616211,0.11423598229885101,0,0.016611991450190544,-0.11404398828744888,0.9933369755744934,0,-0.000018999999156221747,0.10275900363922119,0,1,0.9980109930038452,-0.057392001152038574,0.026068998500704765,0,0.04098500311374664,0.9050170183181763,0.4233969748020172,0,-0.04789299517869949,-0.4214869737625122,0.9055690169334412,0,-0.03647800162434578,0.25637900829315186,0.006010999903082848,1,0.998898983001709,0.04557100310921669,0.011119002476334572,0,-0.04557100310921669,0.8865739703178406,0.4603360593318939,0,0.011120002716779709,-0.4603360593318939,0.8876749873161316,0,0.000007999999979801942,0.09416700154542923,0,1,0.9997040033340454,0.01643199846148491,-0.017949989065527916,0,-0.013783999718725681,0.9902250170707703,0.13879899680614471,0,0.020055988803505898,-0.13851100206375122,0.9901580214500427,0,-0.000009999999747378752,0.08698000013828278,0,1,0.9968850016593933,-0.06806900352239609,0.03983399644494057,0,0.037421006709337234,0.852832019329071,0.5208419561386108,0,-0.06942499428987503,-0.5177289247512817,0.8527230024337769,0,-0.08599700033664703,0.25457900762557983,0.005853999871760607,1,0.9992769956588745,0.03719800338149071,0.007853002287447453,0,-0.03722000494599342,0.915116012096405,0.40146902203559875,0,0.007747001480311155,-0.40147101879119873,0.9158390164375305,0,-0.00005199999941396527,0.07827500253915787,0,1,0.9999600052833557,0.008948001079261303,0.0007130000740289688,0,-0.00896800123155117,0.992339015007019,0.12321900576353073,0,0.00039500006823800504,-0.12322000414133072,0.9923790097236633,0,0.00006900000153109431,0.061941999942064285,0,1,-0.9932159781455994,-0.07578101009130478,0.08820199966430664,0,0.08916100114583969,-0.9832000136375427,0.15927599370479584,0,0.07464999705553055,0.1660590022802353,0.9832860231399536,0,0.1880349963903427,-0.12249399721622467,0.04344800114631653,1,0.9879289865493774,0.04536498337984085,0.14811499416828156,0,0.03199601173400879,0.8757820129394531,-0.48164501786231995,0,-0.15156598389148712,0.4805700182914734,0.8637589812278748,0,0,1.1067359447479248,0,1,0.9881939888000488,-0.07258698344230652,0.13492101430892944,0,-0.10852401703596115,0.28996896743774414,0.9508630037307739,0,-0.10814298689365387,-0.9542790055274963,0.27866795659065247,0,0,1.0646979808807373,0,1,0.9986720085144043,-0.0003650001890491694,0.05151199921965599,0,-0.026202000677585602,0.8573539853096008,0.5140600204467773,0,-0.0443510003387928,-0.5147280097007751,0.8562059998512268,0,0,0.39963701367378235,0,1,-0.9751889705657959,0.08218900114297867,-0.20555000007152557,0,-0.11301200091838837,-0.9832469820976257,0.14301298558712006,0,-0.19035200774669647,0.1626949906349182,0.9681410193443298,0,-0.1880349963903427,-0.12249399721622467,0.04724099859595299,1,0.998420000076294,-0.0007300116121768951,-0.056194007396698,0,-0.023395992815494537,0.9037410020828247,-0.42743998765945435,0,0.05109700933098793,0.4280790090560913,0.9022949934005737,0,0,1.1064130067825317,0,1,0.9904270172119141,0.08429701626300812,-0.1093059852719307,0,0.07347998023033142,0.348376989364624,0.934469997882843,0,0.1168530061841011,-0.9335560202598572,0.3388479948043823,0,0,1.0645370483398438,0,1,0.9987260103225708,0,-0.05045799911022186,0,0.025713000446558,0.8604170083999634,0.5089409947395325,0,0.043414998799562454,-0.5095900297164917,0.8593209981918335,0,0,0.4002879858016968,0,1
