9.933,30,298,65
B0,mixamorig_Hips,-1,0.999885618686676,-0.014861207455396652,-0.002716532675549388,0,0.01479457039386034,0.999618411064148,-0.023321645334362984,0,0.003061766503378749,0.023278450593352318,0.9997237324714661,0,-0.013175168074667454,1.9672269821166992,-0.021295510232448578,1
B1,mixamorig_Spine,0,0.9999899864196777,0.0032518855296075344,0.00294285686686635,0,-0.0033901971764862537,0.9988160729408264,0.048530176281929016,0,-0.0027810903266072273,-0.04854017496109009,0.9988171458244324,0,0,0.1786089986562729,0.006347999908030033,1
B2,mixamorig_Spine1,1,0.9990600347518921,0.003925039432942867,0.043168820440769196,0,-0.004386598244309425,0.9999336004257202,0.010594119317829609,0,-0.04312409088015556,-0.010773702524602413,0.9990115761756897,0,0,0.20850899815559387,0,1
B3,mixamorig_Spine2,2,0.9990601539611816,0.0045253378339111805,0.04310330003499985,0,-0.004980897065252066,0.999932587146759,0.010460221208631992,0,-0.043052367866039276,-0.010665014386177063,0.9990156888961792,0,0,0.2382960021495819,0,1
B4,mixamorig_Neck,3,0.9992026090621948,-0.037130679935216904,-0.014690414071083069,0,0.03568856418132782,0.995430588722229,-0.08856498450040817,0,0.017912153154611588,0.08797003328800201,0.9959616661071777,0,0,0.26808300614356995,0,1
B5,mixamorig_Head,4,0.9987488985061646,0.04005454108119011,0.029907550662755966,0,-0.042761608958244324,0.9944452047348022,0.09616804867982864,0,-0.025890612974762917,-0.09732773154973984,0.9949154853820801,0,0,0.07781299948692322,-0.005464999936521053,1
B6,mixamorig_HeadTop_End,5,1,0,0,0,0,1,0,0,0,0,1,0,0,0.6428629755973816,-0.045145999640226364,1
B7,mixamorig_LeftShoulder,3,-0.12100877612829208,-0.007834813557565212,-0.9926208257675171,0,0.9542872309684753,-0.27622273564338684,-0.11415568739175797,0,-0.27329006791114807,-0.961058497428894,0.04090198501944542,0,0.11111000180244446,0.23415400087833405,0.0015119999879971147,1
B8,mixamorig_LeftArm,7,0.9148133397102356,0.38196009397506714,-0.13117557764053345,0,-0.11093196272850037,0.5499526262283325,0.8277928829193115,0,0.3883226811885834,-0.7427240014076233,0.5454803705215454,0,0,0.23549899458885193,0,1
B9,mixamorig_LeftForeArm,8,0.8719879984855652,0.48949941992759705,0.005211519543081522,0,-0.4893523156642914,0.8719111084938049,-0.01746106520295143,0,-0.013091584667563438,0.012675376608967781,0.9998340010643005,0,0,0.35941600799560547,0,1
B10,mixamorig_LeftHand,9,0.9296796321868896,-0.3408620357513428,-0.1396714597940445,0,0.36139535903930664,0.9173964262008667,0.16665755212306976,0,0.07132705301046371,-0.20541517436504364,0.9760704040527344,0,0,0.44870299100875854,0,1
B11,mixamorig_LeftHandThumb1,10,0.9320679306983948,0.35663506388664246,0.06372648477554321,0,-0.3587280511856079,0.883944034576416,0.2999286353588104,0,0.050634220242500305,-0.3024140000343323,0.9518308639526367,0,-0.06661199778318405,0.05648399889469147,0.0262449998408556,1
B12,mixamorig_LeftHandThumb2,11,0.9762846827507019,-0.2083251178264618,-0.05890258401632309,0,0.21085681021213531,0.9766740798950195,0.040575288236141205,0,0.04907623305916786,-0.05203257128596306,0.9974389672279358,0,-0.005200000014156103,0.07276999950408936,0,1
B13,mixamorig_LeftHandThumb3,12,0.9989216327667236,0.046316321939229965,0.0031342082656919956,0,-0.04614421725273132,0.9980501532554626,-0.042030323296785355,0,-0.00507428590208292,0.041840534657239914,0.9991114139556885,0,-0.0003209999995306134,0.07405299693346024,0,1
B14,mixamorig_LeftHandThumb4,13,1,0,0,0,0,1,0,0,0,0,1,0,0.005520999897271395,0.059094998985528946,0,1
B15,mixamorig_LeftHandIndex1,10,0.9961197376251221,0.08801224827766418,0.00022683278075419366,0,-0.08156850934028625,0.9222053289413452,0.37799444794654846,0,0.03305840492248535,-0.37654638290405273,0.9258063435554504,0,-0.077844999730587,0.22204099595546722,0.0015650000423192978,1
B16,mixamorig_LeftHandIndex2,15,0.997261643409729,-0.07045144587755203,-0.022500324994325638,0,0.07045144587755203,0.8124022483825684,0.5788240432739258,0,-0.022500324994325638,-0.5788240432739258,0.8151406645774841,0,0.000003999999989900971,0.06957799941301346,0,1
B17,mixamorig_LeftHandIndex3,16,0.999330997467041,-0.036165740340948105,-0.0054987273178994656,0,0.036165740340948105,0.9541497230529785,0.29713693261146545,0,-0.005499623715877533,-0.29713693261146545,0.954818844795227,0,0,0.06468900293111801,0,1
B18,mixamorig_LeftHandIndex4,17,1,0,0,0,0,1,0,0,0,0,1,0,-0.000004999999873689376,0.056407999247312546,0,1
B19,mixamorig_LeftHandMiddle1,10,0.9976163506507874,0.06860224157571793,-0.007418983615934849,0,-0.056847527623176575,0.8780620694160461,0.47515609860420227,0,0.039110347628593445,-0.47360190749168396,0.8798691034317017,0,-0.024548999965190887,0.22228600084781647,0.002587999915704131,1
B20,mixamorig_LeftHandMiddle2,19,0.9987508058547974,-0.04888372868299484,-0.010337078012526035,0,0.04888462275266647,0.9132109880447388,0.4045420289039612,0,-0.010336182080209255,-0.4045420289039612,0.9144600629806519,0,0.000004999999873689376,0.08804500102996826,0,1
B21,mixamorig_LeftHandMiddle3,20,0.9995163083076477,-0.03085184469819069,-0.00400619488209486,0,0.03085184469819069,0.9663639664649963,0.2553190588951111,0,-0.00400619488209486,-0.2553190588951111,0.9668485522270203,0,-0.000007000000096013537,0.08320800215005875,0,1
B22,mixamorig_LeftHandMiddle4,21,1,0,0,0,0,1,0,0,0,0,1,0,0.0000019999999949504854,0.07548700273036957,0,1
B23,mixamorig_LeftHandRing1,10,0.9971086382865906,0.0759897455573082,0.00021792556799482554,0,-0.06281008571386337,0.8225592970848083,0.565198540687561,0,0.0427694171667099,-0.5635783672332764,0.824954092502594,0,0.029075000435113907,0.23767100274562836,0.002059000078588724,1
B24,mixamorig_LeftHandRing2,23,0.9993462562561035,-0.03573763743042946,-0.005420129280537367,0,0.03573763743042946,0.9543983936309814,0.2963894009590149,0,-0.005419233348220587,-0.2963894009590149,0.9550511837005615,0,0,0.07037399709224701,0,1
B25,mixamorig_LeftHandRing3,24,0.9997338056564331,-0.022975454106926918,-0.0022097663022577763,0,0.022975454106926918,0.9814084768295288,0.1905488669872284,0,-0.002209870144724846,-0.1905488669872284,0.9816756248474121,0,0.00002300000051036477,0.06786099821329117,0,1
B26,mixamorig_LeftHandRing4,25,1,0,0,0,0,1,0,0,0,0,1,0,-0.00002300000051036477,0.0575140006840229,0,1
B27,mixamorig_LeftHandPinky1,10,0.997273325920105,-0.0021299421787261963,-0.07376283407211304,0,0.055905092507600784,0.6742741465568542,0.7363610863685608,0,0.04816760867834091,-0.7384769916534424,0.6725544929504395,0,0.07331900298595428,0.23805099725723267,0.001560000004246831,1
B28,mixamorig_LeftHandPinky2,27,0.9995402693748474,0.029489845037460327,-0.0070134676061570644,0,-0.024863144382834435,0.929962694644928,0.366811066865921,0,0.017339494079351425,-0.3664681315422058,0.9302693009376526,0,0.00007899999764049426,0.056568000465631485,0,1
B29,mixamorig_LeftHandPinky3,28,0.9997869729995728,-0.020576519891619682,-0.0013581039384007454,0,0.02057351917028427,0.9908754229545593,0.13319967687129974,0,-0.001395000028423965,-0.13319967687129974,0.9910883903503418,0,0.00005199999941396527,0.046101998537778854,0,1
B30,mixamorig_LeftHandPinky4,29,1,0,0,0,0,1,0,0,0,0,1,0,-0.0001320000010309741,0.033636998385190964,0,1
B31,mixamorig_RightShoulder,3,0.02116837166249752,-0.013049294240772724,0.9996873736381531,0,-0.979628324508667,-0.19998201727867126,0.018131433054804802,0,0.19968222081661224,-0.9797112941741943,-0.017019929364323616,0,-0.11111000180244446,0.23413200676441193,0.0009009999921545386,1
B32,mixamorig_RightArm,31,0.8956552147865295,-0.4410668611526489,0.05709395930171013,0,0.18201357126235962,0.48064422607421875,0.8578169345855713,0,-0.4057968258857727,-0.7579165697097778,0.5107713341712952,0,0,0.23549899458885193,0,1
B33,mixamorig_RightForeArm,32,0.8941039443016052,-0.44782307744026184,-0.005644532386213541,0,0.44770607352256775,0.8940577507019043,-0.014823727309703827,0,0.011685117147862911,0.01072733849287033,0.9998738765716553,0,0,0.3594450056552887,0,1
B34,mixamorig_RightHand,33,0.9355829954147339,0.3492901623249054,-0.05176909267902374,0,-0.34797796607017517,0.936928927898407,0.03279802203178406,0,0.059960056096315384,-0.01267087459564209,0.9981206059455872,0,0,0.44851401448249817,0,1
B35,mixamorig_RightHandThumb1,34,0.9505575299263,-0.1733625829219818,0.2576315402984619,0,0.07092435657978058,0.9289265275001526,0.3633960485458374,0,-0.30232223868370056,-0.32716435194015503,0.8952987194061279,0,0.06409800052642822,0.05488999933004379,0.025218000635504723,1
B36,mixamorig_RightHandThumb2,35,0.9952871799468994,-0.06350500881671906,0.07319100201129913,0,0.06035716459155083,0.9971844553947449,0.044423073530197144,0,-0.07580529898405075,-0.0398029088973999,0.9963248372077942,0,0.004230999853461981,0.07033299654722214,0,1
B37,mixamorig_RightHandThumb3,36,0.9966111779212952,-0.08224567025899887,-0.0009555473807267845,0,0.0819978415966034,0.9943835139274597,-0.06689833104610443,0,0.006453415844589472,0.06659333407878876,0.9977591037750244,0,-0.0002209999947808683,0.07662700116634369,0,1
B38,mixamorig_RightHandThumb4,37,1,0,0,0,0,1,0,0,0,0,1,0,-0.004009999800473452,0.06341399997472763,0,1
B39,mixamorig_RightHandIndex1,34,0.999862790107727,-0.004102745559066534,0.01604333333671093,0,0.0008450192981399596,0.9802066087722778,0.19797661900520325,0,-0.01653798669576645,-0.19793549180030823,0.9800758361816406,0,0.07574199885129929,0.2221439927816391,0.003751999931409955,1
B40,mixamorig_RightHandIndex2,39,0.9973559975624084,0.06878318637609482,0.02344060130417347,0,-0.06878318637609482,0.7895167469978333,0.6098605990409851,0,0.02344060130417347,-0.6098605990409851,0.7921607494354248,0,0.000018000000636675395,0.06821399927139282,0,1
B41,mixamorig_RightHandIndex3,40,0.9998751282691956,0.015775883570313454,0.001108441618271172,0,-0.015775883570313454,0.9900431036949158,0.1398787945508957,0,0.001109337667003274,-0.1398787945508957,0.990168035030365,0,0.000006000000212225132,0.06519400328397751,0,1
B42,mixamorig_RightHandIndex4,41,1,0,0,0,0,1,0,0,0,0,1,0,-0.000024000000848900527,0.056439999490976334,0,1
B43,mixamorig_RightHandMiddle1,34,0.9987295866012573,0.030900994315743446,0.039810098707675934,0,-0.04268047213554382,0.9386824369430542,0.3421314060688019,0,-0.0267957653850317,-0.3433951437473297,0.9388080835342407,0,0.021922999992966652,0.22236399352550507,0.0007779999868944287,1
B44,mixamorig_RightHandMiddle2,43,0.9985150694847107,0.05271608382463455,0.01371336542069912,0,-0.05284249782562256,0.8763898015022278,0.478689968585968,0,0.013216638006269932,-0.4787040650844574,0.8778748512268066,0,0.00008199999865610152,0.0874980017542839,0,1
B45,mixamorig_RightHandMiddle3,44,0.9995942711830139,0.011946611106395721,-0.025849483907222748,0,-0.009411870501935482,0.9953324794769287,0.09604441374540329,0,0.02687658555805683,-0.09576203674077988,0.9950416088104248,0,0.000006000000212225132,0.0803930014371872,0,1
B46,mixamorig_RightHandMiddle4,45,1,0,0,0,0,1,0,0,0,0,1,0,-0.00008800000068731606,0.0714619979262352,0,1
B47,mixamorig_RightHandRing1,34,0.999088704586029,-0.011011244729161263,0.04122576490044594,0,-0.01047177892178297,0.8733202815055847,0.487033486366272,0,-0.04136514291167259,-0.48702171444892883,0.872409462928772,0,-0.02901500090956688,0.22728799283504486,0.0043020001612603664,1
B48,mixamorig_RightHandRing2,47,0.9992407560348511,0.038273781538009644,0.007287649903446436,0,-0.038273781538009644,0.9292959570884705,0.36733973026275635,0,0.007287649903446436,-0.36733973026275635,0.9300551414489746,0,0.000011000000085914508,0.07533399760723114,0,1
B49,mixamorig_RightHandRing3,48,0.9993413686752319,0.0202137790620327,-0.030143558979034424,0,-0.015509440563619137,0.9887375235557556,0.14885370433330536,0,0.03281290829181671,-0.1482880562543869,0.9884000420570374,0,-0.000009999999747378752,0.06958399713039398,0,1
B50,mixamorig_RightHandRing4,49,1,0,0,0,0,1,0,0,0,0,1,0,-9.999999974752427e-7,0.061976999044418335,0,1
B51,mixamorig_RightHandPinky1,34,0.9964041709899902,0.01793191023170948,0.08280628174543381,0,-0.06346379220485687,0.8054661750793457,0.5892332196235657,0,-0.05613293498754501,-0.5923706889152527,0.8037073016166687,0,-0.06864999979734421,0.22656400501728058,0.004145000129938126,1
B52,mixamorig_RightHandPinky2,51,0.9996461868286133,0.02630552276968956,0.0038304293993860483,0,-0.02630552276968956,0.9581379294395447,0.2850893437862396,0,0.003830325324088335,-0.2850893437862396,0.958490788936615,0,-0.000028000000384054147,0.06262099742889404,0,1
B53,mixamorig_RightHandPinky3,52,0.9999157786369324,0.012942168861627579,0.0009121817420236766,0,-0.012942168861627579,0.9900283813476562,0.14026954770088196,0,0.0009121816838160157,-0.14026954770088196,0.9901126623153687,0,0.000037000001611886546,0.049552999436855316,0,1
B54,mixamorig_RightHandPinky4,53,1,0,0,0,0,1,0,0,0,0,1,0,-0.000009000000318337698,0.04336100071668625,0,1
B55,mixamorig_LeftUpLeg,0,-0.9946314692497253,-0.0595526359975338,0.08462800830602646,0,0.07236117124557495,-0.9848779439926147,0.15741242468357086,0,0.07397396862506866,0.16269133985042572,0.9838992953300476,0,0.15231500566005707,-0.09937400370836258,0.03388400003314018,1
B56,mixamorig_LeftLeg,55,0.9885900020599365,0.035065021365880966,0.14648956060409546,0,0.031039316207170486,0.9042313098907471,-0.4259096682071686,0,-0.147394597530365,0.4255969822406769,0.8928263783454895,0,0,0.8787350058555603,0,1
B57,mixamorig_LeftFoot,56,0.9909937381744385,-0.05220595374703407,0.12330842763185501,0,-0.10064598172903061,0.3169931173324585,0.9430723786354065,0,-0.088321253657341,-0.9469898343086243,0.3088848292827606,0,0,0.8515300154685974,0,1
B58,mixamorig_LeftToeBase,57,0.9989300966262817,-0.0007344023324549198,0.046239569783210754,0,-0.023231064900755882,0.8565875887870789,0.5154772400856018,0,-0.03998657315969467,-0.5160002708435059,0.8556547164916992,0,0,0.3217970132827759,0,1
B59,mixamorig_LeftToe_End,58,1,0,0,0,0,1,0,0,0,0,1,0,0,0.12931400537490845,0,1
B60,mixamorig_RightUpLeg,0,-0.9649898409843445,0.0882490798830986,-0.24699626863002777,0,-0.12795895338058472,-0.9804276823997498,0.1496260017156601,0,-0.2289576679468155,0.17599289119243622,0.9573949575424194,0,-0.15231500566005707,-0.09937400370836258,0.036632001399993896,1
B61,mixamorig_RightLeg,60,0.9975813031196594,0.002350487746298313,-0.06946458667516708,0,-0.02837268076837063,0.9261374473571777,-0.37611785531044006,0,0.06344868242740631,0.3771800100803375,0.9239640831947327,0,0,0.8785169720649719,0,1
B62,mixamorig_RightFoot,61,0.9833389520645142,0.08022206276655197,-0.1631191223859787,0,0.11876914650201797,0.3957838714122772,0.9106303453445435,0,0.13761241734027863,-0.9148321151733398,0.3796626627445221,0,0,0.8514159917831421,0,1
B63,mixamorig_RightToeBase,62,0.9990379810333252,0,-0.043859001249074936,0,0.022404000163078308,0.8596900105476379,0.510325014591217,0,0.03770500048995018,-0.5108169913291931,0.8588619828224182,0,0,0.3195520043373108,0,1
B64,mixamorig_RightToe_End,63,1,0,0,0,0,1,0,0,0,0,1,0,0,0.12865200638771057,0,1
@52,0,1,2,3,4,5,7,8,9,10,11,12,13,15,16,17,19,20,21,23,24,25,27,28,29,31,32,33,34,35,36,37,39,40,41,43,44,45,47,48,49,51,52,53,55,56,57,58,60,61,62,63
K0.000,0.9997460246086121,-0.022414999082684517,0.0022670000325888395,0,0.022467000409960747,0.999396026134491,-0.02652899920940399,0,-0.0016710000345483422,0.026573000475764275,0.9996449947357178,0,0.0025259999092668295,1.963528037071228,-0.029280999675393105,1,0.9999889731407166,0.00407300004735589,0.0024449999909847975,0,-0.004195000045001507,0.9986159801483154,0.05242700129747391,0,-0.0022279999684542418,-0.05243699997663498,0.9986220002174377,0,0,0.1786089986562729,0.006347999908030033,1,0.9990609884262085,0.003317000111564994,0.04318799823522568,0,-0.004083000123500824,0.9998350143432617,0.017673999071121216,0,-0.043122999370098114,-0.017834000289440155,0.9989110231399536,0,0,0.20850899815559387,0,1,0.9990620017051697,0.00407300004735589,0.043111998587846756,0,-0.0048340000212192535,0.9998340010643005,0.017552999779582024,0,-0.04303300008177757,-0.0177449993789196,0.99891597032547,0,0,0.2382960021495819,0,1,0.9995719790458679,-0.026107000187039375,-0.013226999901235104,0,0.02490900084376335,0.9961720108985901,-0.0837860032916069,0,0.015363999642431736,0.0834209993481636,0.996396005153656,0,0,0.26808300614356995,0,1,0.9975690245628357,0.06154999881982803,0.032680999487638474,0,-0.06441199779510498,0.9933639764785767,0.09528599679470062,0,-0.026599999517202377,-0.09715999662876129,0.9949129819869995,0,0,0.07781299948692322,-0.005464999936521053,1,-0.11512699723243713,-0.0058479998260736465,-0.9933339953422546,0,0.9504640102386475,-0.29130300879478455,-0.10844399780035019,0,-0.2887269854545593,-0.9566130042076111,0.03909499943256378,0,0.11111000180244446,0.23415400087833405,0.0015119999879971147,1,0.9007459878921509,0.41167300939559937,-0.138496994972229,0,-0.12765300273895264,0.5556889772415161,0.8215320110321045,0,0.4151639938354492,-0.7223119735717773,0.55308598279953,0,0,0.23549899458885193,0,1,0.8721879720687866,0.4891430139541626,0.0052189999260008335,0,-0.4889959990978241,0.872111976146698,-0.017449000850319862,0,-0.013086000457406044,0.01266700029373169,0.9998340010643005,0,0,0.35941600799560547,0,1,0.9303900003433228,-0.34032300114631653,-0.13621699810028076,0,0.360848993062973,0.9156860113143921,0.176938995718956,0,0.06451500207185745,-0.21377600729465485,0.9747499823570251,0,0,0.44870299100875854,0,1,0.9317600131034851,0.3574019968509674,0.06393299996852875,0,-0.3595679998397827,0.8839240074157715,0.2989810109138489,0,0.05034400150179863,-0.3015660047531128,0.952114999294281,0,-0.06661199778318405,0.05648399889469147,0.0262449998408556,1,0.9761199951171875,-0.20892000198364258,-0.05951699987053871,0,0.21149300038814545,0.9765300154685974,0.04075400158762932,0,0.049605999141931534,-0.05236800014972687,0.9973949790000916,0,-0.005200000014156103,0.07276999950408936,0,1,0.9990010261535645,0.044576000422239304,0.003295999951660633,0,-0.044401999562978745,0.9981600046157837,-0.04128500074148178,0,-0.0051299999468028545,0.0410970002412796,0.9991419911384583,0,-0.0003209999995306134,0.07405299693346024,0,1,0.9959880113601685,0.08948799967765808,0.0006230000290088356,0,-0.08332700282335281,0.9248359799385071,0.3711259961128235,0,0.032634999603033066,-0.3696880042552948,0.9285820126533508,0,-0.077844999730587,0.22204099595546722,0.0015650000423192978,1,0.9972609877586365,-0.07046099752187729,-0.02250700071454048,0,0.07046099752187729,0.8123459815979004,0.5789030194282532,0,-0.02250700071454048,-0.5789030194282532,0.8150860071182251,0,0.000003999999989900971,0.06957799941301346,0,1,0.9993280172348022,-0.03623399883508682,-0.005520000122487545,0,0.03623399883508682,0.9539729952812195,0.29769501090049744,0,-0.005520000122487545,-0.29769501090049744,0.9546449780464172,0,0,0.06468900293111801,0,1,0.9974700212478638,0.07080399990081787,-0.006393999792635441,0,-0.059567999094724655,0.8814849853515625,0.4684390127658844,0,0.03880399838089943,-0.4668729901313782,0.8834729790687561,0,-0.024548999965190887,0.22228600084781647,0.002587999915704131,1,0.9987490177154541,-0.04891299828886986,-0.010348999872803688,0,0.04891299828886986,0.9131050109863281,0.4047810137271881,0,-0.010348999872803688,-0.4047810137271881,0.9143549799919128,0,0.000004999999873689376,0.08804500102996826,0,1,0.9995139837265015,-0.03090599924325943,-0.004019999876618385,0,0.03090599924325943,0.9662449955940247,0.25576600432395935,0,-0.004019999876618385,-0.25576600432395935,0.966729998588562,0,-0.000007000000096013537,0.08320800215005875,0,1,0.9968940019607544,0.07873699814081192,0.0018289999570697546,0,-0.06620000302791595,0.8251309990882874,0.5610499978065491,0,0.0426659993827343,-0.5594279766082764,0.82778000831604,0,0.029075000435113907,0.23767100274562836,0.002059000078588724,1,0.9993460178375244,-0.03574800118803978,-0.005423000082373619,0,0.03574800118803978,0.9543700218200684,0.2964780032634735,0,-0.005423000082373619,-0.2964780032634735,0.955024003982544,0,0,0.07037399709224701,0,1,0.9997329711914062,-0.02301100082695484,-0.002216000109910965,0,0.02301100082695484,0.9813519716262817,0.1908389925956726,0,-0.002216000109910965,-0.1908389925956726,0.9816190004348755,0,0.00002300000051036477,0.06786099821329117,0,1,0.9975219964981079,0.0005949999904260039,-0.07035700231790543,0,0.05120199918746948,0.6797199845314026,0.7316820025444031,0,0.04825900122523308,-0.7334719896316528,0.6780049800872803,0,0.07331900298595428,0.23805099725723267,0.001560000004246831,1,0.9995430111885071,0.029385000467300415,-0.007052000146359205,0,-0.024734999984502792,0.9296150207519531,0.36770200729370117,0,0.017361000180244446,-0.36735999584198,0.9299169778823853,0,0.00007899999764049426,0.056568000465631485,0,1,0.9997869729995728,-0.020594999194145203,-0.001361000002361834,0,0.020593000575900078,0.9908530116081238,0.1333640068769455,0,-0.001398000051267445,-0.13336299359798431,0.9910659790039062,0,0.00005199999941396527,0.046101998537778854,0,1,0.047467999160289764,-0.017917999997735023,0.9987120032310486,0,-0.9756929874420166,-0.21497799456119537,0.04251699894666672,0,0.21393899619579315,-0.9764540195465088,-0.02768700011074543,0,-0.11111000180244446,0.23413200676441193,0.0009009999921545386,1,0.8895120024681091,-0.4524860084056854,0.0634400025010109,0,0.18987399339675903,0.4923520088195801,0.8494340181350708,0,-0.4155920147895813,-0.7435359954833984,0.5238680243492126,0,0,0.23549899458885193,0,1,0.8902940154075623,-0.4553529918193817,-0.005518000107258558,0,0.45523399114608765,0.8902440071105957,-0.015073000453412533,0,0.011776000261306763,0.01090800017118454,0.999871015548706,0,0,0.3594450056552887,0,1,0.936191976070404,0.34867599606513977,-0.04438599944114685,0,-0.34759199619293213,0.9371529817581177,0.03040199913084507,0,0.05219699814915657,-0.013034000061452389,0.9985520243644714,0,0,0.44851401448249817,0,1,0.9531059861183167,-0.1844329982995987,0.2399429976940155,0,0.08960600197315216,0.9292749762535095,0.35835498571395874,0,-0.28906500339508057,-0.3200500011444092,0.9022250175476074,0,0.06409800052642822,0.05488999933004379,0.025218000635504723,1,0.9950240254402161,-0.048413001000881195,0.0870790034532547,0,0.04436400160193443,0.9978690147399902,0.0478379987180233,0,-0.08921000361442566,-0.04373700171709061,0.9950519800186157,0,0.004230999853461981,0.07033299654722214,0,1,0.99726402759552,-0.07389699667692184,-0.0017430000007152557,0,0.07363300025463104,0.9952099919319153,-0.06431099772453308,0,0.006486999802291393,0.0640069991350174,0.9979280233383179,0,-0.0002209999947808683,0.07662700116634369,0,1,0.9998350143432617,-0.011075999587774277,0.014418000355362892,0,0.00803999975323677,0.9806209802627563,0.19575199484825134,0,-0.01630599983036518,-0.19560299813747406,0.9805480241775513,0,0.07574199885129929,0.2221439927816391,0.003751999931409955,1,0.9972299933433533,0.07020899653434753,0.02456199936568737,0,-0.07020899653434753,0.7794569730758667,0.6225090026855469,0,0.024560999125242233,-0.6225090026855469,0.7822269797325134,0,0.000018000000636675395,0.06821399927139282,0,1,0.999875009059906,0.01576700061559677,0.0011080000549554825,0,-0.01576700061559677,0.9900550246238708,0.13979500532150269,0,0.0011080000549554825,-0.13979500532150269,0.9901800155639648,0,0.000006000000212225132,0.06519400328397751,0,1,0.9990079998970032,0.02343600057065487,0.037877000868320465,0,-0.0352649986743927,0.9356359839439392,0.3511990010738373,0,-0.027209000661969185,-0.35218700766563416,0.9355340003967285,0,0.021922999992966652,0.22236399352550507,0.0007779999868944287,1,0.9984539747238159,0.05372000113129616,0.014268999919295311,0,-0.053853001445531845,0.871396005153656,0.48761600255966187,0,0.013760999776422977,-0.4876309931278229,0.8729410171508789,0,0.00008199999865610152,0.0874980017542839,0,1,0.9995599985122681,0.01171599980443716,-0.027243999764323235,0,-0.009122000075876713,0.9955809712409973,0.09346500039100647,0,0.028217999264597893,-0.09317599982023239,0.9952499866485596,0,0.000006000000212225132,0.0803930014371872,0,1,0.9991350173950195,-0.020130999386310577,0.036396000534296036,0,-0.000522000016644597,0.8689259886741638,0.49494099617004395,0,-0.04158899933099747,-0.4945319890975952,0.8681640028953552,0,-0.02901500090956688,0.22728799283504486,0.0043020001612603664,1,0.9992070198059082,0.039080001413822174,0.00761000020429492,0,-0.039080001413822174,0.9261699914932251,0.3750759959220886,0,0.00761000020429492,-0.3750759959220886,0.9269629716873169,0,0.000011000000085914508,0.07533399760723114,0,1,0.9993339776992798,0.01995999924838543,-0.030564000830054283,0,-0.01527199987322092,0.9890810251235962,0.14657700061798096,0,0.03315600007772446,-0.14601300656795502,0.9887269735336304,0,-0.000009999999747378752,0.06958399713039398,0,1,0.99692702293396,0.008356000296771526,0.0778919979929924,0,-0.05442399904131889,0.7890499830245972,0.6119139790534973,0,-0.05634700134396553,-0.6142719984054565,0.7870799899101257,0,-0.06864999979734421,0.22656400501728058,0.004145000129938126,1,0.9996150135993958,0.027435999363660812,0.00417400011792779,0,-0.027435999363660812,0.9543740153312683,0.29735198616981506,0,0.004174999892711639,-0.29735198616981506,0.9547590017318726,0,-0.000028000000384054147,0.06262099742889404,0,1,0.999921977519989,0.012497999705374241,0.0008500000112690032,0,-0.012497999705374241,0.9907050132751465,0.135452002286911,0,0.0008500000112690032,-0.135452002286911,0.9907839894294739,0,0.000037000001611886546,0.049552999436855316,0,1,-0.9947029948234558,-0.059480998665094376,0.08383599668741226,0,0.07315599918365479,-0.9825760126113892,0.17085599899291992,0,0.07221300154924393,0.1760839968919754,0.9817230105400085,0,0.15231500566005707,-0.09937400370836258,0.03388400003314018,1,0.9880610108375549,0.038127999752759933,0.1492680013179779,0,0.033528998494148254,0.892445981502533,-0.44990599155426025,0,-0.15036800503730774,0.4495390057563782,0.8805130124092102,0,0,0.8787350058555603,0,1,0.9908530116081238,-0.04669500142335892,0.12661199271678925,0,-0.10653500258922577,0.30523601174354553,0.9462990164756775,0,-0.08283399790525436,-0.9511309862136841,0.29747000336647034,0,0,0.8515300154685974,0,1,0.9989399909973145,-0.0005709999823011458,0.04602599889039993,0,-0.023169999942183495,0.8577589988708496,0.5135290026664734,0,-0.039772000163793564,-0.5140510201454163,0.8568369746208191,0,0,0.3217970132827759,0,1,-0.963985025882721,0.08698099851608276,-0.25133100152015686,0,-0.12887300550937653,-0.9794189929962158,0.15533700585365295,0,-0.23264700174331665,0.1821330040693283,0.9553549885749817,0,-0.15231500566005707,-0.09937400370836258,0.036632001399993896,1,0.9977650046348572,-0.0011869999580085278,-0.0668099969625473,0,-0.024528000503778458,0.9235389828681946,-0.3827199935913086,0,0.06215599924325943,0.3835040032863617,0.9214450120925903,0,0,0.8785169720649719,0,1,0.9840379953384399,0.08648400008678436,-0.15553300082683563,0,0.10862699896097183,0.40036600828170776,0.9098939895629883,0,0.14096200466156006,-0.9122650027275085,0.3845809996128082,0,0,0.8514159917831421,0,1,0.9990379810333252,0,-0.043859001249074936,0,0.022404000163078308,0.8596900105476379,0.510325014591217,0,0.03770500048995018,-0.5108169913291931,0.8588619828224182,0,0,0.3195520043373108,0,1
K0.033,0.9997010231018066,-0.024321015924215317,0.0025860010646283627,0,0.02438201755285263,0.9993399977684021,-0.026919003576040268,0,-0.001930000726133585,0.02697400376200676,0.9996340274810791,0,0.00615303497761488,1.962649941444397,-0.030010001733899117,1,0.9999889731407166,0.004108999855816364,0.0021939973812550306,0,-0.004220000002533197,0.9985809922218323,0.05308300629258156,0,-0.0019729973282665014,-0.053091008216142654,0.9985880255699158,0,0,0.1786089986562729,0.006347999908030033,1,0.9990770220756531,0.0030389968305826187,0.04285499453544617,0,-0.0038519972003996372,0.999813973903656,0.018903011456131935,0,-0.042789995670318604,-0.01905101165175438,0.9989020228385925,0,0,0.20850899815559387,0,1,0.9990770220756531,0.0038199969567358494,0.042778994888067245,0,-0.004627997055649757,0.9998130202293396,0.018791010603308678,0,-0.04269999638199806,-0.018972011283040047,0.9989079833030701,0,0,0.2382960021495819,0,1,0.9995980262756348,-0.025210993364453316,-0.012936997227370739,0,0.02404899336397648,0.9962400197982788,-0.08323599398136139,0,0.01498599722981453,0.08289099484682083,0.9964460134506226,0,0,0.26808300614356995,0,1,0.9975100159645081,0.06233600899577141,0.03297100216150284,0,-0.0652020052075386,0.9933879971504211,0.09449400007724762,0,-0.026862001046538353,-0.09640900045633316,0.9949790239334106,0,0,0.07781299948692322,-0.005464999936521053,1,-0.11274399608373642,-0.005687999073415995,-0.9936079978942871,0,0.9510589838027954,-0.29016798734664917,-0.10625398904085159,0,-0.28770899772644043,-0.9569590091705322,0.03812499716877937,0,0.11111000180244446,0.23415400087833405,0.0015119999879971147,1,0.8997880220413208,0.41398298740386963,-0.13783900439739227,0,-0.1291390210390091,0.554423987865448,0.8221539855003357,0,0.4167790114879608,-0.7219640016555786,0.5523250102996826,0,0,0.23549899458885193,0,1,0.8723750114440918,0.4888089895248413,0.005224999971687794,0,-0.4886620044708252,0.8722990155220032,-0.017436999827623367,0,-0.013081000186502934,0.012657999992370605,0.9998340010643005,0,0,0.35941600799560547,0,1,0.930325984954834,-0.34004101157188416,-0.13735000789165497,0,0.360834002494812,0.9156439900398254,0.17718900740146637,0,0.06551201641559601,-0.21440400183200836,0.9745460152626038,0,0,0.44870299100875854,0,1,0.9318029880523682,0.3572939932346344,0.06391000002622604,0,-0.35946598649024963,0.8840140104293823,0.29883599281311035,0,0.05027500167489052,-0.30142998695373535,0.9521620273590088,0,-0.06661199778318405,0.05648399889469147,0.0262449998408556,1,0.9761630296707153,-0.2087620049715042,-0.059358999133110046,0,0.21132299304008484,0.9765689969062805,0.040686000138521194,0,0.04947499930858612,-0.05226000025868416,0.9974070191383362,0,-0.005200000014156103,0.07276999950408936,0,1,0.9989989995956421,0.044599998742341995,0.0032999999821186066,0,-0.04442699998617172,0.9981600046157837,-0.04126099869608879,0,-0.005133999977260828,0.04107299819588661,0.9991430044174194,0,-0.0003209999995306134,0.07405299693346024,0,1,0.9960190057754517,0.08914098888635635,0.0005349988932721317,0,-0.08291099220514297,0.9241740107536316,0.37286603450775146,0,0.032742999494075775,-0.3714260160923004,0.9278849959373474,0,-0.077844999730587,0.22204099595546722,0.0015650000423192978,1,0.9972890019416809,-0.07013200223445892,-0.022272998467087746,0,0.07013200223445892,0.8142989873886108,0.5761929750442505,0,-0.022272998467087746,-0.5761929750442505,0.8170099854469299,0,0.000003999999989900971,0.06957799941301346,0,1,0.999334990978241,-0.03604299947619438,-0.0054609994404017925,0,0.03604299947619438,0.9544680118560791,0.2961280047893524,0,-0.0054609994404017925,-0.2961280047893524,0.9551330208778381,0,0,0.06468900293111801,0,1,0.9974610209465027,0.07093200087547302,-0.00628299918025732,0,-0.05965400114655495,0.8805140256881714,0.47025203704833984,0,0.03888799995183945,-0.46868303418159485,0.8825100064277649,0,-0.024548999965190887,0.22228600084781647,0.002587999915704131,1,0.9987630248069763,-0.04866299778223038,-0.010238999500870705,0,0.048663996160030365,0.9140310287475586,0.40271496772766113,0,-0.010238999500870705,-0.40271496772766113,0.9152680039405823,0,0.000004999999873689376,0.08804500102996826,0,1,0.9995179772377014,-0.030771998688578606,-0.003984999377280474,0,0.030771998688578606,0.9665420055389404,0.25465500354766846,0,-0.003984999377280474,-0.25465500354766846,0.967024028301239,0,-0.000007000000096013537,0.08320800215005875,0,1,0.9968370199203491,0.07944000512361526,0.0023800053168088198,0,-0.06702600419521332,0.8242120146751404,0.5623000264167786,0,0.04270699992775917,-0.5606809854507446,0.8269299864768982,0,0.029075000435113907,0.23767100274562836,0.002059000078588724,1,0.9993500113487244,-0.035638000816106796,-0.005388999357819557,0,0.035638000816106796,0.9546570181846619,0.2955690026283264,0,-0.005388999357819557,-0.2955690026283264,0.9553059935569763,0,0,0.07037399709224701,0,1,0.9997339844703674,-0.022948000580072403,-0.0022040000185370445,0,0.022948000580072403,0.981453001499176,0.19032500684261322,0,-0.0022040000185370445,-0.19032500684261322,0.9817190170288086,0,0.00002300000051036477,0.06786099821329117,0,1,0.9975849986076355,0.0015600090846419334,-0.06943799555301666,0,0.049992989748716354,0.6778920292854309,0.733460009098053,0,0.04821600019931793,-0.7351599931716919,0.6761770248413086,0,0.07331900298595428,0.23805099725723267,0.001560000004246831,1,0.9995430111885071,0.029385000467300415,-0.007052999921143055,0,-0.024734999984502792,0.9296150207519531,0.36770200729370117,0,0.017361000180244446,-0.36735999584198,0.9299169778823853,0,0.00007899999764049426,0.056568000465631485,0,1,0.9997869729995728,-0.020596999675035477,-0.0013620000099763274,0,0.020594999194145203,0.9908499717712402,0.13338400423526764,0,-0.001398000051267445,-0.13338300585746765,0.9910640120506287,0,0.00005199999941396527,0.046101998537778854,0,1,0.051830027252435684,-0.01871800608932972,0.9984800219535828,0,-0.9749699831008911,-0.21741200983524323,0.04653402417898178,0,0.2162100076675415,-0.9758999943733215,-0.029518011957406998,0,-0.11111000180244446,0.23413200676441193,0.0009009999921545386,1,0.8889110088348389,-0.45359599590301514,0.06394100189208984,0,0.19090500473976135,0.49371299147605896,0.8484119772911072,0,-0.41640400886535645,-0.7419559955596924,0.5254600048065186,0,0,0.23549899458885193,0,1,0.889818012714386,-0.45628300309181213,-0.005501999985426664,0,0.45616400241851807,0.8897680044174194,-0.015104000456631184,0,0.011787000112235546,0.010929999873042107,0.999871015548706,0,0,0.3594450056552887,0,1,0.9364219903945923,0.34797000885009766,-0.045065030455589294,0,-0.3469330072402954,0.9374309778213501,0.02934899926185608,0,0.0524580255150795,-0.011848989874124527,0.9985529780387878,0,0,0.44851401448249817,0,1,0.9531530141830444,-0.18391300737857819,0.24015900492668152,0,0.08968199789524078,0.9300580024719238,0.3562999963760376,0,-0.28889000415802,-0.3180699944496155,0.9029809832572937,0,0.06409800052642822,0.05488999933004379,0.025218000635504723,1,0.995045006275177,-0.04942900687456131,0.08626899123191833,0,0.04542000591754913,0.9978219866752625,0.047832999378442764,0,-0.08844499289989471,-0.04367800056934357,0.995123028755188,0,0.004230999853461981,0.07033299654722214,0,1,0.9972630143165588,-0.07391099631786346,-0.001757000107318163,0,0.07364600151777267,0.9952139854431152,-0.06423600018024445,0,0.006496999878436327,0.06393100321292877,0.9979329705238342,0,-0.0002209999947808683,0.07662700116634369,0,1,0.9998270273208618,-0.011893000453710556,0.01430900115519762,0,0.008847999386489391,0.9804329872131348,0.19665201008319855,0,-0.016368001699447632,-0.1964920163154602,0.980368971824646,0,0.07574199885129929,0.2221439927816391,0.003751999931409955,1,0.9972320199012756,0.07018200308084488,0.024539999663829803,0,-0.07018200308084488,0.7796499729156494,0.6222699880599976,0,0.024539999663829803,-0.6222699880599976,0.7824180126190186,0,0.000018000000636675395,0.06821399927139282,0,1,0.9998769760131836,0.015665998682379723,0.00109299982432276,0,-0.015665998682379723,0.9901819825172424,0.13890299201011658,0,0.00109299982432276,-0.13890299201011658,0.9903050065040588,0,0.000006000000212225132,0.06519400328397751,0,1,0.9990310072898865,0.022512996569275856,0.03780899941921234,0,-0.03446299582719803,0.9345530271530151,0.35415101051330566,0,-0.027362000197172165,-0.3551110029220581,0.9344239830970764,0,0.021922999992966652,0.22236399352550507,0.0007779999868944287,1,0.9984620213508606,0.05358999967575073,0.014196000061929226,0,-0.053720999509096146,0.8720510005950928,0.4864580035209656,0,0.013690000399947166,-0.4864720106124878,0.8735889792442322,0,0.00008199999865610152,0.0874980017542839,0,1,0.9995530247688293,0.011532997712492943,-0.0275729987770319,0,-0.008951998315751553,0.9957230091094971,0.09195598214864731,0,0.02851499803364277,-0.09166798740625381,0.9953809976577759,0,0.000006000000212225132,0.0803930014371872,0,1,0.999131977558136,-0.021413009613752365,0.03572899475693703,0,0.0008360102074220777,0.8678849935531616,0.49676498770713806,0,-0.04164599999785423,-0.4963040053844452,0.8671500086784363,0,-0.02901500090956688,0.22728799283504486,0.0043020001612603664,1,0.9992129802703857,0.038947999477386475,0.007557000499218702,0,-0.038947999477386475,0.9266859889030457,0.3738130033016205,0,0.007557000499218702,-0.3738130033016205,0.9274730086326599,0,0.000011000000085914508,0.07533399760723114,0,1,0.9993299841880798,0.019852997735142708,-0.030751997604966164,0,-0.015170998871326447,0.9892259836196899,0.1456110030412674,0,0.03331199660897255,-0.14504699409008026,0.988864004611969,0,-0.000009999999747378752,0.06958399713039398,0,1,0.9970049858093262,0.006914990022778511,0.0770299956202507,0,-0.0529559887945652,0.7869250178337097,0.6147710084915161,0,-0.056366000324487686,-0.6170089840888977,0.7849349975585938,0,-0.06864999979734421,0.22656400501728058,0.004145000129938126,1,0.9996160268783569,0.0273980014026165,0.004163000266999006,0,-0.0273980014026165,0.9545050263404846,0.29693499207496643,0,0.0041620004922151566,-0.29693499207496643,0.9548889994621277,0,-0.000028000000384054147,0.06262099742889404,0,1,0.9999240040779114,0.01232999935746193,0.0008279999019578099,0,-0.01232999935746193,0.9909549951553345,0.13362997770309448,0,0.0008279999019578099,-0.13362997770309448,0.9910309910774231,0,0.000037000001611886546,0.049552999436855316,0,1,-0.9946039915084839,-0.059790004044771194,0.08477700501680374,0,0.07383500784635544,-0.9820389747619629,0.17363201081752777,0,0.07287200540304184,0.17895501852035522,0.9811549782752991,0,0.15231500566005707,-0.09937400370836258,0.03388400003314018,1,0.9882109761238098,0.037850990891456604,0.14834699034690857,0,0.03426000848412514,0.8897110223770142,-0.45523601770401,0,-0.14921697974205017,0.45495203137397766,0.8779259920120239,0,0,0.8787350058555603,0,1,0.9908450245857239,-0.04506898298859596,0.12726201117038727,0,-0.10792001336812973,0.30197498202323914,0.9471880197525024,0,-0.08111898601055145,-0.9522500038146973,0.2943459749221802,0,0,0.8515300154685974,0,1,0.9989410042762756,-0.0005489999311976135,0.04599599912762642,0,-0.02316099964082241,0.8579239845275879,0.5132550001144409,0,-0.03974200040102005,-0.5137770175933838,0.8570029735565186,0,0,0.3217970132827759,0,1,-0.9635559916496277,0.08658300340175629,-0.2531070411205292,0,-0.1290149986743927,-0.9792699813842773,0.15615800023078918,0,-0.23433901369571686,0.183120995759964,0.9547520279884338,0,-0.15231500566005707,-0.09937400370836258,0.036632001399993896,1,0.9977589845657349,-0.0023910128511488438,-0.06687000393867493,0,-0.02353399060666561,0.9229689836502075,-0.38415399193763733,0,0.06263800710439682,0.38486701250076294,0.9208440184593201,0,0,0.8785169720649719,0,1,0.9842609763145447,0.08831202238798141,-0.15307097136974335,0,0.10555697232484818,0.40088701248168945,0.9100260138511658,0,0.14173100888729095,-0.911861002445221,0.38525599241256714,0,0,0.8514159917831421,0,1,0.9990379810333252,0,-0.043859001249074936,0,0.022404000163078308,0.8596889972686768,0.5103260278701782,0,0.03770500048995018,-0.5108180046081543,0.8588619828224182,0,0,0.3195520043373108,0,1
