0.867,30,26,65
B0,mixamorig_Hips,-1,0.9968359470367432,0.07560759037733078,-0.007662232033908367,0,-0.06957467645406723,0.9500551819801331,0.3017995357513428,0,0.029421698302030563,-0.3006340265274048,0.9527689814567566,0,0.009467564523220062,3.44700288772583,-0.49300384521484375,1
B1,mixamorig_Spine,0,0.9889542460441589,-0.08666981756687164,-0.11869889497756958,0,0.1213376522064209,0.9370673298835754,0.32681208848953247,0,0.0828692615032196,-0.33767515420913696,0.9375963807106018,0,0,0.2202170044183731,0.008104999549686909,1
B2,mixamorig_Spine1,1,0.9988718032836914,-0.045115817338228226,-0.01365995965898037,0,0.046861086040735245,0.9820420742034912,0.18265503644943237,0,0.005158613435924053,-0.18310603499412537,0.9830725193023682,0,0,0.25709301233291626,0,1
B3,mixamorig_Spine2,2,0.9988455176353455,-0.04471893608570099,-0.01637917384505272,0,0.046970564872026443,0.982062578201294,0.18251493573188782,0,0.007909229025244713,-0.18309539556503296,0.9830537438392639,0,0,0.2938210070133209,0,1
B4,mixamorig_Neck,3,0.9948108792304993,0.023605158552527428,0.09888172149658203,0,-0.013787386007606983,0.9949594140052795,-0.09894654154777527,0,-0.10074993222951889,0.0970776155591011,0.9901317358016968,0,0,0.3305479884147644,0,1
B5,mixamorig_Head,4,0.9885891079902649,0.031604185700416565,0.1469920128583908,0,0.01945858635008335,0.9411804676055908,-0.3349285423755646,0,-0.14867134392261505,0.33395054936408997,0.9299229383468628,0,0,0.12481100112199783,-0.008554999716579914,1
B6,mixamorig_HeadTop_End,5,1,0,0,0,0,1,0,0,0,0,1,0,0,0.784824013710022,-0.053794000297784805,1
B7,mixamorig_LeftShoulder,3,-0.02531682699918747,0.08276689797639847,-0.995984673500061,0,0.9846202731132507,-0.16778330504894257,-0.03895636647939682,0,-0.1704513430595398,-0.9821279644966125,-0.07770145684480667,0,0.1384260058403015,0.2913219928741455,0.001838000025600195,1
B8,mixamorig_LeftArm,7,0.8924345374107361,0.38170140981674194,-0.22400279343128204,0,-0.41003525257110596,0.8960344791412354,-0.14294376969337463,0,0.14624746143817902,0.21964865922927856,0.9560996890068054,0,0,0.2904999852180481,0,1
B9,mixamorig_LeftForeArm,8,0.10109028965234756,0.9945592284202576,-0.02383047342300415,0,-0.994242250919342,0.10016743093729019,-0.037193432450294495,0,-0.03460603952407837,0.027453187853097916,0.9990234375,0,0,0.4395270049571991,0,1
B10,mixamorig_LeftHand,9,0.6801173090934753,0.7323366403579712,0.03342227637767792,0,-0.43035298585891724,0.435637891292572,-0.7897813320159912,0,-0.5928980708122253,0.5228137969970703,0.6114553213119507,0,0,0.5992599725723267,0,1
B11,mixamorig_LeftHandThumb1,10,0.812720000743866,0.5092970132827759,-0.28302571177482605,0,-0.41506001353263855,0.8469650149345398,0.33222898840904236,0,0.4089156985282898,-0.15253600478172302,0.8997340202331543,0,-0.0829010009765625,0.056887999176979065,0.033245999366045,1
B12,mixamorig_LeftHandThumb2,11,0.9423810243606567,-0.3169170022010803,0.10715500265359879,0,0.3146820068359375,0.9484519958496094,0.03761399909853935,0,-0.11355199664831161,-0.0017269999952986836,0.9935309886932373,0,-0.0114120002835989,0.08394499868154526,0,1
B13,mixamorig_LeftHandThumb3,12,0.9861680269241333,-0.14813999831676483,0.07434599846601486,0,0.14567400515079498,0.988618016242981,0.0375950001180172,0,-0.07906900346279144,-0.026244690641760826,0.9965239763259888,0,0.001142999972216785,0.0930820032954216,0,1
B14,mixamorig_LeftHandThumb4,13,1,0,0,0,0,1,0,0,0,0,1,0,0.010269000194966793,0.07683300226926804,0,1
B15,mixamorig_LeftHandIndex1,10,0.9932550191879272,0.11259069293737411,0.027723999693989754,0,-0.11509399861097336,0.9282429814338684,0.35372069478034973,0,0.014090999960899353,-0.35452499985694885,0.934939980506897,0,-0.09299299865961075,0.2458769977092743,0.003114999970421195,1
B16,mixamorig_LeftHandIndex2,15,0.998645007610321,-0.05152200162410736,-0.007322691846638918,0,0.050714001059532166,0.9319760203361511,0.3589560091495514,0,-0.011669999919831753,-0.3588410019874573,0.933326005935669,0,0.000015999999959603883,0.08608599752187729,0,1
B17,mixamorig_LeftHandIndex3,16,0.9999390244483948,0.01102100033313036,-0.00017800000205170363,0,-0.011006691493093967,0.9975219964981079,-0.06949599832296371,0,-0.0005890000029467046,0.06949400156736374,0.9975820183753967,0,-0.000009999999747378752,0.08524399995803833,0,1
B18,mixamorig_LeftHandIndex4,17,1,0,0,0,0,1,0,0,0,0,1,0,-0.000004999999873689376,0.07169900089502335,0,1
B19,mixamorig_LeftHandMiddle1,10,0.9999099969863892,0.004379000049084425,-0.012678000144660473,0,0.0017519999528303742,0.894457995891571,0.44714799523353577,0,0.01329800020903349,-0.4471299946308136,0.8943700194358826,0,-0.03177399933338165,0.24490000307559967,0.004255000036209822,1
B20,mixamorig_LeftHandMiddle2,19,0.9986119866371155,-0.052161309868097305,-0.007248308043926954,0,0.05103899911046028,0.9247040152549744,0.37724998593330383,0,-0.012974999845027924,-0.3770959973335266,0.9260830283164978,0,0.000011000000085914508,0.10925000160932541,0,1
B21,mixamorig_LeftHandMiddle3,20,1,0.0004079999926034361,-0.00006500000017695129,0,-0.00041099998634308577,0.9986220002174377,-0.05247199907898903,0,0.000043308420572429895,0.05247199907898903,0.9986220002174377,0,-0.000015999999959603883,0.10728400200605392,0,1
B22,mixamorig_LeftHandMiddle4,21,1,0,0,0,0,1,0,0,0,0,1,0,0.000004999999873689376,0.0978970006108284,0,1
B23,mixamorig_LeftHandRing1,10,0.9973779916763306,-0.054618000984191895,-0.047467999160289764,0,0.07173900306224823,0.8322539925575256,0.5497329831123352,0,0.009479999542236328,-0.5516970157623291,0.8339909911155701,0,0.034658998250961304,0.2718319892883301,0.003166999900713563,1
B24,mixamorig_LeftHandRing2,23,0.9992859959602356,-0.036876000463962555,-0.00822100043296814,0,0.03758399933576584,0.9481080174446106,0.31571871042251587,0,-0.0038479999639093876,-0.3158020079135895,0.9488170146942139,0,0.000006000000212225132,0.08845499902963638,0,1
B25,mixamorig_LeftHandRing3,24,0.9999939799308777,-0.003266999963670969,-0.001133691635914147,0,0.0033050000201910734,0.9993939995765686,0.034644998610019684,0,0.001019999966956675,-0.034648001194000244,0.9993990063667297,0,0.000039999998989515007,0.08349200338125229,0,1
B26,mixamorig_LeftHandRing4,25,1,0,0,0,0,1,0,0,0,0,1,0,-0.00004600000102072954,0.07037899643182755,0,1
B27,mixamorig_LeftHandPinky1,10,0.9931949973106384,-0.09911300241947174,-0.06115499883890152,0,0.11588700115680695,0.7889800071716309,0.6033909916877747,0,-0.011553999967873096,-0.6063719987869263,0.7950969934463501,0,0.0901079997420311,0.269336998462677,0.0028699999675154686,1
B28,mixamorig_LeftHandPinky2,27,0.9996309876441956,-0.027101000770926476,-0.0016329999780282378,0,0.026225000619888306,0.9482529759407043,0.316430002450943,0,-0.007027000188827515,-0.31635600328445435,0.9486150145530701,0,0.00013499999477062374,0.0707089975476265,0,1
B29,mixamorig_LeftHandPinky3,28,0.9998049736022949,-0.01975930854678154,0.0005920000257901847,0,0.019766999408602715,0.9996439814567566,-0.017938999459147453,0,-0.0002373084134887904,0.0179469995200634,0.9998390078544617,0,0.0000870000003487803,0.05762600153684616,0,1
B30,mixamorig_LeftHandPinky4,29,1,0,0,0,0,1,0,0,0,0,1,0,-0.00022200000239536166,0.042041998356580734,0,1
B31,mixamorig_RightShoulder,3,0.10905937850475311,-0.010894371196627617,0.9939254522323608,0,-0.9285833239555359,-0.3573492467403412,0.09805259108543396,0,0.3541211783885956,-0.9337279796600342,-0.04892370477318764,0,-0.1384260058403015,0.2912929952144623,0.0010499999625608325,1
B32,mixamorig_RightArm,31,0.8899774551391602,-0.43825116753578186,0.10893409699201584,0,0.44624483585357666,0.8821119666099548,-0.13290375471115112,0,-0.038685522973537445,0.16896051168441772,0.9808409214019775,0,0,0.2904999852180481,0,1
B33,mixamorig_RightForeArm,32,0.9640693068504333,-0.25589728355407715,-0.007649510633200407,0,0.25582894682884216,0.9640756249427795,-0.008887025527656078,0,0.009823514148592949,0.006610611919313669,0.9999279379844666,0,0,0.4395669996738434,0,1
B34,mixamorig_RightHand,33,0.6432788372039795,-0.6537851691246033,-0.39741748571395874,0,0.36115762591362,0.7164857983589172,-0.5953976511955261,0,0.6750532388687134,0.23935024440288544,0.696879506111145,0,0,0.5990020036697388,0,1
B35,mixamorig_RightHandThumb1,34,0.8995090126991272,-0.39966899156570435,0.17648600041866302,0,0.31380200386047363,0.8720750212669373,0.37551701068878174,0,-0.30399200320243835,-0.2823989987373352,0.9098569750785828,0,0.07858700305223465,0.055858999490737915,0.03144000098109245,1
B36,mixamorig_RightHandThumb2,35,0.9905409812927246,0.13466300070285797,-0.02636599913239479,0,-0.1366710066795349,0.9853649735450745,-0.10186400264501572,0,0.012263000011444092,0.10450399667024612,0.9944490194320679,0,0.009664000011980534,0.08055300265550613,0,1
B37,mixamorig_RightHandThumb3,36,0.98164302110672,0.17087599635124207,-0.08472400158643723,0,-0.16691699624061584,0.9846069812774658,0.05184299871325493,0,0.09227900207042694,-0.036749690771102905,0.9950550198554993,0,-0.0007980000227689743,0.09821899980306625,0,1
B38,mixamorig_RightHandThumb4,37,1,0,0,0,0,1,0,0,0,0,1,0,-0.00886599998921156,0.08128199726343155,0,1
B39,mixamorig_RightHandIndex1,34,0.997061014175415,-0.07425730675458908,-0.018843000754714012,0,0.07642731070518494,0.9471290111541748,0.31161800026893616,0,-0.005293999798595905,-0.312142014503479,0.9500210285186768,0,0.09475299715995789,0.2529670000076294,0.004517999943345785,1
B40,mixamorig_RightHandIndex2,39,0.9989359974861145,0.04569200053811073,0.006260999944061041,0,-0.044881999492645264,0.9319109916687012,0.35989871621131897,0,0.010610000230371952,-0.3597967028617859,0.9329699873924255,0,0.000014999999621068127,0.0848739966750145,0,1
B41,mixamorig_RightHandIndex3,40,0.9999690055847168,-0.0070859999395906925,-0.003459000028669834,0,0.007536999881267548,0.9878600239753723,0.15516600012779236,0,0.0023169999476522207,-0.1551869958639145,0.9878820180892944,0,0.000014000000192027073,0.08154100179672241,0,1
B42,mixamorig_RightHandIndex4,41,1,0,0,0,0,1,0,0,0,0,1,0,-0.000029000000722589903,0.07011699676513672,0,1
B43,mixamorig_RightHandMiddle1,34,0.9998779892921448,0.011768000200390816,0.010312000289559364,0,-0.015200000256299973,0.8869940042495728,0.46153169870376587,0,-0.0037150001153349876,-0.46163201332092285,0.8870639801025391,0,0.02772199921309948,0.2502959966659546,0.0038469999562948942,1
B44,mixamorig_RightHandMiddle2,43,0.998960018157959,0.045177001506090164,0.0061969999223947525,0,-0.044162001460790634,0.9246140122413635,0.37833601236343384,0,0.011362000368535519,-0.3782159984111786,0.9256479740142822,0,0.00015700000221841037,0.1060900017619133,0,1
B45,mixamorig_RightHandMiddle3,44,0.999875009059906,0.015780309215188026,0.001066999975591898,0,-0.01572900079190731,0.9850339889526367,0.17163999378681183,0,0.0016580000519752502,-0.1716350018978119,0.9851589798927307,0,-0.000018999999156221747,0.10275900363922119,0,1
B46,mixamorig_RightHandMiddle4,45,1,0,0,0,0,1,0,0,0,0,1,0,-0.00013800000306218863,0.09159000217914581,0,1
B47,mixamorig_RightHandRing1,34,0.995822012424469,0.0721919983625412,0.05591699853539467,0,-0.0909700021147728,0.8374840021133423,0.5388370156288147,0,-0.007929692044854164,-0.5416719913482666,0.8405519723892212,0,-0.03647800162434578,0.25637900829315186,0.006010999903082848,1
B48,mixamorig_RightHandRing2,47,0.9995309710502625,0.029788000509142876,0.007091000210493803,0,-0.030500000342726707,0.9480059742927551,0.3167873024940491,0,0.002713999943807721,-0.3168550133705139,0.9484699964523315,0,0.000007999999979801942,0.09416700154542923,0,1
B49,mixamorig_RightHandRing3,48,0.9998149871826172,-0.018938690423965454,-0.0033480001147836447,0,0.019231999292969704,0.9855470061302185,0.16830599308013916,0,0.00011200000153621659,-0.16833899915218353,0.9857289791107178,0,-0.000009999999747378752,0.08698000013828278,0,1
B50,mixamorig_RightHandRing4,49,1,0,0,0,0,1,0,0,0,0,1,0,0.0000019999999949504854,0.07747200131416321,0,1
B51,mixamorig_RightHandPinky1,34,0.9842410087585449,0.15047869086265564,0.09287700057029724,0,-0.1764906942844391,0.8032690286636353,0.568867027759552,0,0.010997000150382519,-0.5762940049171448,0.8171682953834534,0,-0.08599700033664703,0.25457900762557983,0.005853999871760607,1
B52,mixamorig_RightHandPinky2,51,0.9997869729995728,0.020589999854564667,0.0011099999537691474,0,-0.01988000050187111,0.9482290148735046,0.3169642984867096,0,0.00547399977222085,-0.3169189989566803,0.948436975479126,0,-0.00005199999941396527,0.07827500253915787,0,1
B53,mixamorig_RightHandPinky3,52,0.9995779991149902,-0.027379000559449196,-0.00965800043195486,0,0.02862199954688549,0.9850469827651978,0.16989099979400635,0,0.004861999768763781,-0.1700959950685501,0.985414981842041,0,0.00006900000153109431,0.061941999942064285,0,1
B54,mixamorig_RightHandPinky4,53,1,0,0,0,0,1,0,0,0,0,1,0,-0.000015999999959603883,0.05420200154185295,0,1
B55,mixamorig_LeftUpLeg,0,-0.9985369443893433,0.029399964958429337,0.045330069959163666,0,0.051555607467889786,0.2696012854576111,0.9614505171775818,0,0.016024399548768997,0.9623831510543823,-0.2707201838493347,0,0.1880349963903427,-0.12249399721622467,0.04344800114631653,1
B56,mixamorig_LeftLeg,55,0.9880838394165039,0.0598442405462265,0.14178627729415894,0,0.035168688744306564,0.8091119527816772,-0.5866002440452576,0,-0.14982660114765167,0.5845988988876343,0.7973655462265015,0,0,1.1067359447479248,0,1
B57,mixamorig_LeftFoot,56,0.9837374687194824,0.042480919510126114,0.1736554205417633,0,-0.11203697323799133,0.9043018817901611,0.41126948595046997,0,-0.13945318758487701,-0.4241134822368622,0.8943613171577454,0,0,1.0646979808807373,0,1
B58,mixamorig_LeftToeBase,57,0.9988515973091125,0.0026462168898433447,0.047831643372774124,0,-0.02518135868012905,0.8784283399581909,0.4771760404109955,0,-0.04075485095381737,-0.47783228754997253,0.8774861097335815,0,0,0.39963701367378235,0,1
B59,mixamorig_LeftToe_End,58,1,0,0,0,0,1,0,0,0,0,1,0,0,0.16027100384235382,0,1
B60,mixamorig_RightUpLeg,0,-0.9529756307601929,0.2189859300851822,-0.20592601597309113,0,-0.24563631415367126,-0.15547162294387817,0.9495407938957214,0,0.17550723254680634,0.9555510878562927,0.20199541747570038,0,-0.1880349963903427,-0.12249399721622467,0.04724099859595299,1
B61,mixamorig_RightLeg,60,0.9847447276115417,0.08798013627529144,-0.15000806748867035,0,-0.02525431104004383,-0.7806938290596008,-0.6241073608398438,0,-0.1721075177192688,0.61839359998703,-0.7665555477142334,0,0,1.1064130067825317,0,1
B62,mixamorig_RightFoot,61,0.9784206748008728,0.15488572418689728,0.1256386637687683,0,-0.19171994924545288,0.9111415147781372,0.3631174564361572,0,-0.05907350406050682,-0.3785666823387146,0.922390341758728,0,0,1.0645370483398438,0,1
B63,mixamorig_RightToeBase,62,0.9990003108978271,-0.004756986629217863,-0.04433825984597206,0,0.024213748052716255,0.8933687210083008,0.4478124976158142,0,0.03749377653002739,-0.44843733310699463,0.892591655254364,0,0,0.4002879858016968,0,1
B64,mixamorig_RightToe_End,63,1,0,0,0,0,1,0,0,0,0,1,0,0,0.1606930047273636,0,1
@52,0,1,2,3,4,5,7,8,9,10,11,12,13,15,16,17,19,20,21,23,24,25,27,28,29,31,32,33,34,35,36,37,39,40,41,43,44,45,47,48,49,51,52,53,55,56,57,58,60,61,62,63
K0.000,0.961883008480072,-0.12096499651670456,0.24525299668312073,0,0.027639999985694885,0.9352560043334961,0.3528909981250763,0,-0.2720620036125183,-0.3326619863510132,0.9029499888420105,0,0.013213999569416046,2.2765300273895264,-0.0304189994931221,1,0.9988620281219482,0.003194000106304884,-0.047589000314474106,0,0.003907000180333853,0.9889230132102966,0.14837899804115295,0,0.04753600060939789,-0.14839600026607513,0.9877849817276001,0,0,0.2202170044183731,0.008104999549686909,1,0.9998499751091003,0.0026680000592023134,-0.017102999612689018,0,-0.001408000010997057,0.997310996055603,0.07327599823474884,0,0.017253000289201736,-0.07324100285768509,0.9971650242805481,0,0,0.25709301233291626,0,1,0.9998940229415894,0.003794000018388033,-0.014058999717235565,0,-0.002747999969869852,0.997277021408081,0.0736989974975586,0,0.014299999922513962,-0.07365299761295319,0.9971809983253479,0,0,0.2938210070133209,0,1,0.9998499751091003,0.016560999676585197,-0.005028999876230955,0,-0.017256999388337135,0.976157009601593,-0.21638000011444092,0,0.0013259999686852098,0.2164350003004074,0.9762960076332092,0,0,0.3305479884147644,0,1,0.9846339821815491,-0.05965200066566467,-0.16412900388240814,0,-0.008520999923348427,0.9223210215568542,-0.3863300085067749,0,0.17442500591278076,0.38179200887680054,0.9076399803161621,0,0,0.12481100112199783,-0.008554999716579914,1,-0.02082500047981739,0.006827999837696552,-0.9997599720954895,0,0.9195190072059631,-0.39243999123573303,-0.0218339990824461,0,-0.3924950063228607,-0.9197520017623901,0.0018939999863505363,0,0.1384260058403015,0.2913219928741455,0.001838000025600195,1,0.8154090046882629,0.08370400220155716,-0.5728020071983337,0,0.3506210148334503,0.7159309983253479,0.6037449836730957,0,0.46062201261520386,-0.6931350231170654,0.554427981376648,0,0,0.2904999852180481,0,1,0.48969098925590515,0.8718460202217102,-0.009294000454246998,0,-0.8715689778327942,0.48918798565864563,-0.032604001462459564,0,-0.023879000917077065,0.024065999314188957,0.9994249939918518,0,0,0.4395270049571991,0,1,0.8308990001678467,-0.1407099962234497,0.5383380055427551,0,0.11678300052881241,0.9900479912757874,0.07852800190448761,0,-0.5440300107002258,-0.0023799999617040157,0.839061975479126,0,0,0.5992599725723267,0,1,0.812720000743866,0.5092970132827759,-0.2830260097980499,0,-0.41506001353263855,0.8469650149345398,0.33222898840904236,0,0.40891599655151367,-0.15253600478172302,0.8997340202331543,0,-0.0829010009765625,0.056887999176979065,0.033245999366045,1,0.9423810243606567,-0.3169170022010803,0.10715500265359879,0,0.3146820068359375,0.9484519958496094,0.03761399909853935,0,-0.11355199664831161,-0.0017269999952986836,0.9935309886932373,0,-0.0114120002835989,0.08394499868154526,0,1,0.9861680269241333,-0.14813999831676483,0.07434599846601486,0,0.14567400515079498,0.988618016242981,0.0375950001180172,0,-0.07906900346279144,-0.0262449998408556,0.9965239763259888,0,0.001142999972216785,0.0930820032954216,0,1,0.9932550191879272,0.1125900000333786,0.027723999693989754,0,-0.11509399861097336,0.9282429814338684,0.3537209928035736,0,0.014090999960899353,-0.35452601313591003,0.934939980506897,0,-0.09299299865961075,0.2458769977092743,0.003114999970421195,1,0.998645007610321,-0.05152200162410736,-0.007321999873965979,0,0.050714001059532166,0.9319760203361511,0.3589560091495514,0,-0.011669999919831753,-0.3588410019874573,0.933326005935669,0,0.000015999999959603883,0.08608599752187729,0,1,0.9999390244483948,0.01102100033313036,-0.00017699999443721026,0,-0.011006999760866165,0.9975219964981079,-0.06949599832296371,0,-0.0005890000029467046,0.06949400156736374,0.9975820183753967,0,-0.000009999999747378752,0.08524399995803833,0,1,0.9999099969863892,0.004379000049084425,-0.012678000144660473,0,0.0017519999528303742,0.894457995891571,0.44714799523353577,0,0.01329800020903349,-0.4471299946308136,0.8943700194358826,0,-0.03177399933338165,0.24490000307559967,0.004255000036209822,1,0.9986119866371155,-0.05216100066900253,-0.0072479997761547565,0,0.05103899911046028,0.9247040152549744,0.37724998593330383,0,-0.012974999845027924,-0.3770959973335266,0.9260830283164978,0,0.000011000000085914508,0.10925000160932541,0,1,1,0.0004079999926034361,-0.00006500000017695129,0,-0.00041099998634308577,0.9986220002174377,-0.05247199907898903,0,0.000043000000005122274,0.05247199907898903,0.9986220002174377,0,-0.000015999999959603883,0.10728400200605392,0,1,0.9973779916763306,-0.05461899936199188,-0.047467999160289764,0,0.07174000144004822,0.8322539925575256,0.5497329831123352,0,0.009479999542236328,-0.5516970157623291,0.8339909911155701,0,0.034658998250961304,0.2718319892883301,0.003166999900713563,1,0.9992859959602356,-0.036876000463962555,-0.00822100043296814,0,0.03758399933576584,0.9481080174446106,0.31571799516677856,0,-0.0038479999639093876,-0.3158020079135895,0.9488170146942139,0,0.000006000000212225132,0.08845499902963638,0,1,0.9999939799308777,-0.003266999963670969,-0.0011340000201016665,0,0.0033050000201910734,0.9993939995765686,0.034644998610019684,0,0.001019999966956675,-0.034648001194000244,0.9993990063667297,0,0.000039999998989515007,0.08349200338125229,0,1,0.9931949973106384,-0.09911400079727173,-0.06115499883890152,0,0.11588799953460693,0.7889800071716309,0.6033909916877747,0,-0.011553999967873096,-0.6063719987869263,0.7950969934463501,0,0.0901079997420311,0.269336998462677,0.0028699999675154686,1,0.9996309876441956,-0.027101000770926476,-0.0016329999780282378,0,0.026225000619888306,0.9482529759407043,0.316430002450943,0,-0.007027000188827515,-0.31635600328445435,0.9486150145530701,0,0.00013499999477062374,0.0707089975476265,0,1,0.9998049736022949,-0.019759999588131905,0.0005920000257901847,0,0.019766999408602715,0.9996439814567566,-0.017938999459147453,0,-0.00023700000019744039,0.0179469995200634,0.9998390078544617,0,0.0000870000003487803,0.05762600153684616,0,1,0.036219000816345215,-0.009142999537289143,0.9993020296096802,0,-0.866096019744873,-0.49915799498558044,0.026823999360203743,0,0.4985640048980713,-0.8664630055427551,-0.02599800005555153,0,-0.1384260058403015,0.2912929952144623,0.0010499999625608325,1,0.8442839980125427,-0.5257729887962341,-0.10367099940776825,0,0.4913490116596222,0.6822569966316223,0.541388988494873,0,-0.21391800045967102,-0.5080249905586243,0.8343560099601746,0,0,0.2904999852180481,0,1,0.03854700177907944,-0.998956024646759,0.02449999935925007,0,0.9986870288848877,0.037686001509428024,-0.03469200059771538,0,0.03373200073838234,0.025805000215768814,0.999098002910614,0,0,0.4395669996738434,0,1,0.971992015838623,-0.23471200466156006,0.011952999979257584,0,0.2283719927072525,0.93128502368927,-0.2838220000267029,0,0.05548400059342384,0.2786020040512085,0.9588029980659485,0,0,0.5990020036697388,0,1,0.8995090126991272,-0.39966899156570435,0.176486998796463,0,0.31380200386047363,0.8720750212669373,0.37551701068878174,0,-0.30399200320243835,-0.2823989987373352,0.9098569750785828,0,0.07858700305223465,0.055858999490737915,0.03144000098109245,1,0.9905409812927246,0.13466300070285797,-0.02636599913239479,0,-0.1366710066795349,0.9853649735450745,-0.10186400264501572,0,0.012263000011444092,0.10450399667024612,0.9944490194320679,0,0.009664000011980534,0.08055300265550613,0,1,0.98164302110672,0.17087599635124207,-0.08472499996423721,0,-0.16691699624061584,0.9846069812774658,0.05184299871325493,0,0.09227900207042694,-0.03674999997019768,0.9950550198554993,0,-0.0007980000227689743,0.09821899980306625,0,1,0.997061014175415,-0.0742579996585846,-0.018842000514268875,0,0.07642800360918045,0.9471290111541748,0.31161800026893616,0,-0.005293999798595905,-0.312142014503479,0.9500210285186768,0,0.09475299715995789,0.2529670000076294,0.004517999943345785,1,0.9989359974861145,0.04569200053811073,0.006260999944061041,0,-0.044881999492645264,0.9319109916687012,0.35989901423454285,0,0.010610000230371952,-0.35979700088500977,0.9329699873924255,0,0.000014999999621068127,0.0848739966750145,0,1,0.9999690055847168,-0.0070859999395906925,-0.003459000028669834,0,0.007536999881267548,0.9878600239753723,0.15516600012779236,0,0.0023169999476522207,-0.15518799424171448,0.9878820180892944,0,0.000014000000192027073,0.08154100179672241,0,1,0.9998779892921448,0.011769000440835953,0.010312000289559364,0,-0.015200000256299973,0.8869940042495728,0.46153101325035095,0,-0.0037150001153349876,-0.46163201332092285,0.8870639801025391,0,0.02772199921309948,0.2502959966659546,0.0038469999562948942,1,0.998960018157959,0.045177001506090164,0.0061969999223947525,0,-0.044162001460790634,0.9246140122413635,0.37833601236343384,0,0.011362000368535519,-0.3782159984111786,0.9256479740142822,0,0.00015700000221841037,0.1060900017619133,0,1,0.999875009059906,0.015780000016093254,0.0010659999679774046,0,-0.01572900079190731,0.9850339889526367,0.17163999378681183,0,0.0016580000519752502,-0.1716350018978119,0.9851589798927307,0,-0.000018999999156221747,0.10275900363922119,0,1,0.995822012424469,0.0721919983625412,0.05591699853539467,0,-0.0909700021147728,0.8374840021133423,0.5388360023498535,0,-0.007930000312626362,-0.5416719913482666,0.8405529856681824,0,-0.03647800162434578,0.25637900829315186,0.006010999903082848,1,0.9995309710502625,0.029788000509142876,0.007091000210493803,0,-0.030500000342726707,0.9480059742927551,0.3167870044708252,0,0.002713999943807721,-0.3168550133705139,0.9484699964523315,0,0.000007999999979801942,0.09416700154542923,0,1,0.9998149871826172,-0.018938999623060226,-0.0033480001147836447,0,0.019231999292969704,0.9855470061302185,0.16830599308013916,0,0.00011200000153621659,-0.16833899915218353,0.9857289791107178,0,-0.000009999999747378752,0.08698000013828278,0,1,0.9842410087585449,0.1504790037870407,0.09287700057029724,0,-0.17649100720882416,0.8032690286636353,0.568867027759552,0,0.010997000150382519,-0.5762940049171448,0.8171679973602295,0,-0.08599700033664703,0.25457900762557983,0.005853999871760607,1,0.9997869729995728,0.020589999854564667,0.0011099999537691474,0,-0.01988000050187111,0.9482290148735046,0.3169640004634857,0,0.00547399977222085,-0.3169189989566803,0.948436975479126,0,-0.00005199999941396527,0.07827500253915787,0,1,0.9995779991149902,-0.027379000559449196,-0.00965800043195486,0,0.02862199954688549,0.9850469827651978,0.16989099979400635,0,0.004861999768763781,-0.1700959950685501,0.985414981842041,0,0.00006900000153109431,0.061941999942064285,0,1,-0.9692350029945374,-0.010968999937176704,0.2458920031785965,0,0.2032870054244995,-0.5989170074462891,0.7745789885520935,0,0.13877299427986145,0.8007360100746155,0.5827209949493408,0,0.1880349963903427,-0.12249399721622467,0.04344800114631653,1,0.9909899830818176,0.13148699700832367,-0.02550799958407879,0,0.004403000231832266,-0.2223220020532608,-0.9749630093574524,0,-0.13386599719524384,0.9660660028457642,-0.22089800238609314,0,0,1.1067359447479248,0,1,0.9544050097465515,0.1372849941253662,0.2650730013847351,0,-0.2978619933128357,0.49664199352264404,0.8152459859848022,0,-0.019725000485777855,-0.8570299744606018,0.5148890018463135,0,0,1.0646979808807373,0,1,0.9982870221138,-0.006519000045955181,0.05814399942755699,0,-0.028566999360919,0.8129580020904541,0.5816220045089722,0,-0.05105999857187271,-0.58228600025177,0.8113790154457092,0,0,0.39963701367378235,0,1,-0.9890570044517517,-0.13164100050926208,0.06660699844360352,0,0.14548200368881226,-0.7952319979667664,0.5885930061340332,0,-0.024514999240636826,0.591841995716095,0.8056809902191162,0,-0.1880349963903427,-0.12249399721622467,0.04724099859595299,1,0.9991210103034973,0.010753000155091286,-0.04050999879837036,0,-0.039267998188734055,0.5780630111694336,-0.815047025680542,0,0.014654000289738178,0.8159210085868835,0.5779770016670227,0,0,1.1064130067825317,0,1,0.9959350228309631,-0.004416999872773886,-0.08996299654245377,0,0.09006799757480621,0.03990599885582924,0.995136022567749,0,-0.000805000017862767,-0.9991940259933472,0.0401419997215271,0,0,1.0645370483398438,0,1,0.9989759922027588,-0.0025730000343173742,-0.04516199976205826,0,0.029069999232888222,0.8014410138130188,0.597366988658905,0,0.03465700149536133,-0.5980690121650696,0.80069500207901,0,0,0.4002879858016968,0,1
K0.033,0.9511560797691345,-0.08701305836439133,0.2961948812007904,0,-0.003999761771410704,0.955902099609375,0.2936585545539856,0,-0.30868563055992126,-0.28049978613853455,0.9088631868362427,0,0.01028591487556696,2.3656203746795654,-0.041069962084293365,1,0.9893998503684998,-0.004469810053706169,-0.14514480531215668,0,0.02944893389940262,0.9849329590797424,0.17040987312793732,0,0.1421966552734375,-0.17287807166576385,0.9746248722076416,0,0,0.2202170044183731,0.008104999549686909,1,0.9981179237365723,-0.007718251086771488,-0.06083936244249344,0,0.013054274953901768,0.9960529804229736,0.08779691159725189,0,0.05992133915424347,-0.08842593431472778,0.9942790269851685,0,0,0.25709301233291626,0,1,0.9982649683952332,-0.005418243817985058,-0.058633364737033844,0,0.010528267361223698,0.9961349964141846,0.08720790594816208,0,0.057934343814849854,-0.08767393231391907,0.9944630265235901,0,0,0.2938210070133209,0,1,0.9998120069503784,0.0037949620746076107,0.019017323851585388,0,0.00013608485460281372,0.9792590737342834,-0.20261164009571075,0,-0.019391313195228577,0.20257563889026642,0.9790740609169006,0,0,0.3305479884147644,0,1,0.9992809295654297,-0.01789531297981739,-0.03342554718255997,0,0.0044677723199129105,0.9310482740402222,-0.3648681044578552,0,0.03765040636062622,0.36445605754852295,0.9304592609405518,0,0,0.12481100112199783,-0.008554999716579914,1,-0.10987473279237747,0.017805190756917,-0.9937858581542969,0,0.9259561896324158,-0.36160212755203247,-0.1088537648320198,0,-0.36129313707351685,-0.9321622848510742,0.023243920877575874,0,0.1384260058403015,0.2913219928741455,0.001838000025600195,1,0.7701311111450195,-0.05765793099999428,-0.6352737545967102,0,0.4534984529018402,0.7498626708984375,0.48170921206474304,0,0.448594868183136,-0.6590760350227356,0.6036402583122253,0,0,0.2904999852180481,0,1,0.40441620349884033,0.9144895672798157,-0.012484067119657993,0,-0.9141985774040222,0.4038202166557312,-0.03419902175664902,0,-0.026233049109578133,0.025243015959858894,0.9993370175361633,0,0,0.4395270049571991,0,1,0.8124372363090515,-0.030208926647901535,0.5822656154632568,0,0.0819518119096756,0.9946587681770325,-0.06274371594190598,0,-0.5772606730461121,0.09869331121444702,0.8105729222297668,0,0,0.5992599725723267,0,1,0.812720000743866,0.5092970132827759,-0.2830260097980499,0,-0.41506001353263855,0.8469650149345398,0.33222898840904236,0,0.40891599655151367,-0.15253600478172302,0.8997340202331543,0,-0.0829010009765625,0.056887999176979065,0.033245999366045,1,0.9423810243606567,-0.3169170022010803,0.10715500265359879,0,0.3146820068359375,0.9484519958496094,0.03761500120162964,0,-0.11355199664831161,-0.0017269999952986836,0.9935309886932373,0,-0.0114120002835989,0.08394499868154526,0,1,0.9861680269241333,-0.14813999831676483,0.07434599846601486,0,0.14567400515079498,0.988618016242981,0.0375950001180172,0,-0.07906900346279144,-0.02624399960041046,0.9965239763259888,0,0.001142999972216785,0.0930820032954216,0,1,0.9932550191879272,0.11259099841117859,0.027723999693989754,0,-0.11509399861097336,0.9282429814338684,0.3537209928035736,0,0.014090999960899353,-0.35452601313591003,0.934939980506897,0,-0.09299299865961075,0.2458769977092743,0.003114999970421195,1,0.998645007610321,-0.05152200162410736,-0.007321999873965979,0,0.050714001059532166,0.9319760203361511,0.3589560091495514,0,-0.011669999919831753,-0.3588410019874573,0.933326005935669,0,0.000015999999959603883,0.08608599752187729,0,1,0.9999390244483948,0.01102100033313036,-0.0001779999874997884,0,-0.011006999760866165,0.9975219964981079,-0.06949599832296371,0,-0.0005890000029467046,0.06949300318956375,0.9975820183753967,0,-0.000009999999747378752,0.08524399995803833,0,1,0.9999099969863892,0.004379000049084425,-0.012678000144660473,0,0.0017519999528303742,0.894457995891571,0.44714799523353577,0,0.01329800020903349,-0.4471299946308136,0.8943700194358826,0,-0.03177399933338165,0.24490000307559967,0.004255000036209822,1,0.9986119866371155,-0.05216199904680252,-0.007249000016599894,0,0.05103899911046028,0.9247040152549744,0.37724998593330383,0,-0.012974999845027924,-0.3770959973335266,0.9260830283164978,0,0.000011000000085914508,0.10925000160932541,0,1,1,0.0004079999926034361,-0.00006500000017695129,0,-0.00041099998634308577,0.9986220002174377,-0.05247199907898903,0,0.00004400000034365803,0.05247199907898903,0.9986220002174377,0,-0.000015999999959603883,0.10728400200605392,0,1,0.9973779916763306,-0.05461899936199188,-0.047467999160289764,0,0.07173900306224823,0.8322550058364868,0.5497329831123352,0,0.009479999542236328,-0.5516970157623291,0.8339909911155701,0,0.034658998250961304,0.2718319892883301,0.003166999900713563,1,0.9992859959602356,-0.036876000463962555,-0.00822100043296814,0,0.03758399933576584,0.9481080174446106,0.31571799516677856,0,-0.0038479999639093876,-0.3158020079135895,0.9488170146942139,0,0.000006000000212225132,0.08845499902963638,0,1,0.9999939799308777,-0.003266999963670969,-0.001133000012487173,0,0.0033050000201910734,0.9993939995765686,0.034644998610019684,0,0.001019999966956675,-0.034648001194000244,0.9993990063667297,0,0.000039999998989515007,0.08349200338125229,0,1,0.9931949973106384,-0.09911300241947174,-0.06115499883890152,0,0.11588700115680695,0.7889800071716309,0.6033909916877747,0,-0.011553999967873096,-0.6063719987869263,0.7950969934463501,0,0.0901079997420311,0.269336998462677,0.0028699999675154686,1,0.9996309876441956,-0.027101000770926476,-0.0016329999780282378,0,0.026225000619888306,0.9482529759407043,0.316430002450943,0,-0.007027000188827515,-0.31635600328445435,0.9486150145530701,0,0.00013499999477062374,0.0707089975476265,0,1,0.9998049736022949,-0.019759999588131905,0.0005920000257901847,0,0.019766999408602715,0.9996439814567566,-0.017938999459147453,0,-0.00023700001474935561,0.0179469995200634,0.9998390078544617,0,0.0000870000003487803,0.05762600153684616,0,1,0.15062852203845978,-0.012762103229761124,0.988507866859436,0,-0.8785001635551453,-0.4602974057197571,0.12792348861694336,0,0.45337435603141785,-0.8876733183860779,-0.08054521679878235,0,-0.1384260058403015,0.2912929952144623,0.0010499999625608325,1,0.6847855448722839,-0.4275404214859009,-0.5901491045951843,0,0.7012640833854675,0.606886625289917,0.37405362725257874,0,0.1982308179140091,-0.669998049736023,0.7154059410095215,0,0,0.2904999852180481,0,1,0.07590378820896149,-0.996845006942749,0.023203043267130852,0,0.9965770244598389,0.07507778704166412,-0.03461800143122673,0,0.03276703134179115,0.02575100027024746,0.9991310238838196,0,0,0.4395669996738434,0,1,0.9200749397277832,-0.3904991149902344,0.031184082850813866,0,0.39113715291023254,0.9201609492301941,-0.0177463386207819,0,-0.021764423698186874,0.028526028618216515,0.9993559718132019,0,0,0.5990020036697388,0,1,0.8995090126991272,-0.39966899156570435,0.176486998796463,0,0.31380200386047363,0.8720750212669373,0.37551701068878174,0,-0.30399200320243835,-0.2823989987373352,0.9098569750785828,0,0.07858700305223465,0.055858999490737915,0.03144000098109245,1,0.9905409812927246,0.13466300070285797,-0.026366999372839928,0,-0.1366710066795349,0.9853649735450745,-0.10186400264501572,0,0.012263000011444092,0.10450399667024612,0.9944490194320679,0,0.009664000011980534,0.08055300265550613,0,1,0.98164302110672,0.17087599635124207,-0.08472400158643723,0,-0.16691799461841583,0.9846069812774658,0.05184299871325493,0,0.09227900207042694,-0.03674999997019768,0.9950550198554993,0,-0.0007980000227689743,0.09821899980306625,0,1,0.997061014175415,-0.0742570012807846,-0.018843000754714012,0,0.07642800360918045,0.9471290111541748,0.31161800026893616,0,-0.005293999798595905,-0.312142014503479,0.9500210285186768,0,0.09475299715995789,0.2529670000076294,0.004517999943345785,1,0.9989359974861145,0.04569200053811073,0.006260000169277191,0,-0.044881999492645264,0.9319109916687012,0.35989800095558167,0,0.010610000230371952,-0.35979700088500977,0.9329699873924255,0,0.000014999999621068127,0.0848739966750145,0,1,0.9999690055847168,-0.0070859999395906925,-0.003459000028669834,0,0.007536999881267548,0.9878600239753723,0.15516600012779236,0,0.0023169999476522207,-0.15518799424171448,0.9878820180892944,0,0.000014000000192027073,0.08154100179672241,0,1,0.9998779892921448,0.011769000440835953,0.010312000289559364,0,-0.015200000256299973,0.8869940042495728,0.46153199672698975,0,-0.0037150001153349876,-0.46163201332092285,0.8870639801025391,0,0.02772199921309948,0.2502959966659546,0.0038469999562948942,1,0.998960018157959,0.045177001506090164,0.0061969999223947525,0,-0.044162001460790634,0.9246140122413635,0.37833601236343384,0,0.011362000368535519,-0.3782159984111786,0.9256479740142822,0,0.00015700000221841037,0.1060900017619133,0,1,0.999875009059906,0.015780000016093254,0.0010659999679774046,0,-0.01572900079190731,0.9850339889526367,0.17163999378681183,0,0.0016580000519752502,-0.1716350018978119,0.9851589798927307,0,-0.000018999999156221747,0.10275900363922119,0,1,0.995822012424469,0.07219299674034119,0.05591699853539467,0,-0.0909700021147728,0.8374840021133423,0.5388360023498535,0,-0.007929000072181225,-0.5416719913482666,0.8405529856681824,0,-0.03647800162434578,0.25637900829315186,0.006010999903082848,1,0.9995309710502625,0.029788000509142876,0.007091000210493803,0,-0.03049900010228157,0.9480059742927551,0.3167870044708252,0,0.002713999943807721,-0.3168550133705139,0.9484699964523315,0,0.000007999999979801942,0.09416700154542923,0,1,0.9998149871826172,-0.01893799938261509,-0.0033480001147836447,0,0.019231999292969704,0.9855470061302185,0.16830499470233917,0,0.00011200000153621659,-0.16833899915218353,0.9857289791107178,0,-0.000009999999747378752,0.08698000013828278,0,1,0.9842410087585449,0.15047800540924072,0.09287700057029724,0,-0.17649100720882416,0.8032690286636353,0.568867027759552,0,0.010997000150382519,-0.5762940049171448,0.8171679973602295,0,-0.08599700033664703,0.25457900762557983,0.005853999871760607,1,0.9997869729995728,0.020591000095009804,0.0011099999537691474,0,-0.019881000742316246,0.9482290148735046,0.3169640004634857,0,0.00547399977222085,-0.3169189989566803,0.948436975479126,0,-0.00005199999941396527,0.07827500253915787,0,1,0.9995779991149902,-0.027379000559449196,-0.00965800043195486,0,0.02862199954688549,0.9850469827651978,0.16989099979400635,0,0.004861999768763781,-0.1700959950685501,0.985414981842041,0,0.00006900000153109431,0.061941999942064285,0,1,-0.950984001159668,-0.016697436571121216,0.3087899386882782,0,0.2961229979991913,-0.3369140326976776,0.8937565088272095,0,0.08911190927028656,0.9413874745368958,0.3253439664840698,0,0.1880349963903427,-0.12249399721622467,0.04344800114631653,1,0.9984260201454163,0.049391523003578186,-0.026566892862319946,0,-0.008775061927735806,-0.3302899897098541,-0.9438382983207703,0,-0.05539249628782272,0.9425863027572632,-0.3293359875679016,0,0,1.1067359447479248,0,1,0.9285547137260437,0.2851848900318146,0.2376038283109665,0,-0.34210920333862305,0.4091106355190277,0.8459250330924988,0,0.14403994381427765,-0.8667747974395752,0.47744593024253845,0,0,1.0646979808807373,0,1,0.9988030195236206,0.0018090902594849467,0.04888986796140671,0,-0.025453975424170494,0.8726215958595276,0.4877327084541321,0,-0.04177987575531006,-0.48839271068573,0.871622622013092,0,0,0.39963701367378235,0,1,-0.998634934425354,-0.05107865482568741,-0.010878918692469597,0,0.04586876183748245,-0.9574543833732605,0.2849126160144806,0,-0.02496981993317604,0.2840246856212616,0.9584913849830627,0,-0.1880349963903427,-0.12249399721622467,0.04724099859595299,1,0.9981759786605835,0.02271624468266964,-0.05593792349100113,0,-0.051831021904945374,0.7975609302520752,-0.6010055541992188,0,0.030961092561483383,0.6028085350990295,0.7972838878631592,0,0,1.1064130067825317,0,1,0.9972209930419922,-0.07250608503818512,-0.017150506377220154,0,0.026156870648264885,0.12515181303024292,0.9917916655540466,0,-0.0697641670703888,-0.9894837141036987,0.1266998052597046,0,0,1.0645370483398438,0,1,0.9970599412918091,0.022494317963719368,-0.07325457036495209,0,0.03149114176630974,0.7512220144271851,0.659296989440918,0,0.06986063718795776,-0.6596660017967224,0.7483049631118774,0,0,0.4002879858016968,0,1
