1.067,30,32,65
B0,mixamorig_Hips,-1,0.9348686933517456,0.08248429745435715,0.34361085295677185,0,-0.06873873621225357,0.9961814880371094,-0.051998209208250046,0,-0.3466421365737915,0.0245681032538414,0.9371640682220459,0,-0.09907393157482147,2.747314453125,0.04374057799577713,1
B1,mixamorig_Spine,0,0.9998424649238586,-0.01572960801422596,0.0074279094114899635,0,0.014545943588018417,0.990270733833313,0.13813236355781555,0,-0.009555075317621231,-0.13800105452537537,0.990355372428894,0,0,0.2202170044183731,0.008104999549686909,1
B2,mixamorig_Spine1,1,0.9996741414070129,-0.022425126284360886,0.011199924163520336,0,0.01963648945093155,0.979004979133606,0.20227102935314178,0,-0.015547653660178185,-0.20197400450706482,0.9791374206542969,0,0,0.25709301233291626,0,1
B3,mixamorig_Spine2,2,0.9996741414070129,-0.022425126284360886,0.011199924163520336,0,0.01963629201054573,0.979004979133606,0.20227083563804626,0,-0.015547653660178185,-0.20197400450706482,0.9791374206542969,0,0,0.2938210070133209,0,1
B4,mixamorig_Neck,3,0.9968449473381042,-0.05082250386476517,-0.059101980179548264,0,0.04371817409992218,0.9921129941940308,-0.11674299836158752,0,0.06450146436691284,0.11369989067316055,0.991354763507843,0,0,0.3305479884147644,0,1
B5,mixamorig_Head,4,0.9733787178993225,0.09584818035364151,-0.20752732455730438,0,-0.016670558601617813,0.9344364404678345,0.3541322946548462,0,0.2283831089735031,-0.3413625657558441,0.9112605452537537,0,0,0.12481100112199783,-0.008554999716579914,1
B6,mixamorig_HeadTop_End,5,1,0,0,0,0,1,0,0,0,0,1,0,0,0.784824013710022,-0.053794000297784805,1
B7,mixamorig_LeftShoulder,3,0.0650348886847496,-0.06487946957349777,-0.9957488179206848,0,0.9224128723144531,-0.3764248788356781,0.08473261445760727,0,-0.3803163170814514,-0.9240502119064331,0.03527159243822098,0,0.1384260058403015,0.2913219928741455,0.001838000025600195,1
B8,mixamorig_LeftArm,7,0.6673956513404846,0.649509072303772,0.3582104444503784,0,-0.33789294958114624,0.6942535638809204,-0.632251501083374,0,-0.6596290469169617,0.3016233444213867,0.6868508458137512,0,0,0.2904999852180481,0,1
B9,mixamorig_LeftForeArm,8,0.8680621385574341,0.43024808168411255,-0.24545545876026154,0,-0.39251595735549927,0.9000299572944641,0.18914033472537994,0,0.3024238646030426,-0.06813696771860123,0.9501994252204895,0,0,0.4395270049571991,0,1
B10,mixamorig_LeftHand,9,0.997760534286499,-0.02547769621014595,-0.05278519168496132,0,-0.0044762734323740005,0.8651142716407776,-0.501431405544281,0,0.05843210965394974,0.5008970499038696,0.8630013465881348,0,0,0.5992599725723267,0,1
B11,mixamorig_LeftHandThumb1,10,0.7571187019348145,0.6459435224533081,-0.09644147008657455,0,-0.487542986869812,0.6572388410568237,0.5745500326156616,0,0.43458813428878784,-0.38809478282928467,0.812718391418457,0,-0.0829010009765625,0.056887999176979065,0.033245999366045,1
B12,mixamorig_LeftHandThumb2,11,0.9896190166473389,0.14358100295066833,-0.006198999937623739,0,-0.14365799725055695,0.9895210266113281,-0.014498000033199787,0,0.004052802920341492,0.015238000079989433,0.9998760223388672,0,-0.0114120002835989,0.08394499868154526,0,1
B13,mixamorig_LeftHandThumb3,12,0.9925609827041626,0.12120600044727325,0.01147099956870079,0,-0.12119700014591217,0.9926270246505737,-0.0015379999531432986,0,-0.011572999879717827,0.00013699999544769526,0.9999330043792725,0,0.001142999972216785,0.0930820032954216,0,1
B14,mixamorig_LeftHandThumb4,13,1,0,0,0,0,1,0,0,0,0,1,0,0.010269000194966793,0.07683300226926804,0,1
B15,mixamorig_LeftHandIndex1,10,0.9417234063148499,0.3353671431541443,0.025526490062475204,0,-0.33633726835250854,0.9390067458152771,0.07148414105176926,0,9.214817282554577e-7,-0.07590758055448532,0.9971142411231995,0,-0.09299299865961075,0.2458769977092743,0.003114999970421195,1
B16,mixamorig_LeftHandIndex2,15,0.9998850226402283,-0.015130000188946724,-0.0008549999911338091,0,0.014755000360310078,0.9591249823570251,0.28259900212287903,0,-0.0034549999982118607,-0.2825790047645569,0.9592379927635193,0,0.000015999999959603883,0.08608599752187729,0,1
B17,mixamorig_LeftHandIndex3,16,1,0,0,0,0,1,0,0,0,0,1,0,-0.000009999999747378752,0.08524399995803833,0,1
B18,mixamorig_LeftHandIndex4,17,1,0,0,0,0,1,0,0,0,0,1,0,-0.000004999999873689376,0.07169900089502335,0,1
B19,mixamorig_LeftHandMiddle1,10,0.9967286586761475,0.07377893477678299,-0.0321945957839489,0,-0.07110174000263214,0.9943276047706604,0.07789287716150284,0,0.03767668083310127,-0.07534879446029663,0.9963736534118652,0,-0.03177399933338165,0.24490000307559967,0.004255000036209822,1
B20,mixamorig_LeftHandMiddle2,19,0.999958872795105,0.008708905428647995,0.0022985367104411125,0,-0.008993670344352722,0.9791612029075623,0.20257942378520966,0,-0.0004724955651909113,-0.20259161293506622,0.9792001247406006,0,0.000011000000085914508,0.10925000160932541,0,1
B21,mixamorig_LeftHandMiddle3,20,1,0,0,0,0,1,-9.999999974752427e-7,0,0,9.999999974752427e-7,1,0,-0.000015999999959603883,0.10728400200605392,0,1
B22,mixamorig_LeftHandMiddle4,21,1,0,0,0,0,1,0,0,0,0,1,0,0.000004999999873689376,0.0978970006108284,0,1
B23,mixamorig_LeftHandRing1,10,0.991601288318634,-0.11854811012744904,-0.05169833078980446,0,0.12789182364940643,0.9576995372772217,0.25714653730392456,0,0.0190159659832716,-0.26159724593162537,0.9648182988166809,0,0.034658998250961304,0.2718319892883301,0.003166999900713563,1
B24,mixamorig_LeftHandRing2,23,0.9995076656341553,0.031198201701045036,0.00304127368144691,0,-0.030880434438586235,0.963452160358429,0.2654768228530884,0,0.00537219038233161,-0.26544007658958435,0.9639433026313782,0,0.000006000000212225132,0.08845499902963638,0,1
B25,mixamorig_LeftHandRing3,24,1,0,0,0,0,1,-9.999999974752427e-7,0,0,9.999999974752427e-7,1,0,0.000039999998989515007,0.08349200338125229,0,1
B26,mixamorig_LeftHandRing4,25,1,0,0,0,0,1,0,0,0,0,1,0,-0.00004600000102072954,0.07037899643182755,0,1
B27,mixamorig_LeftHandPinky1,10,0.9750568270683289,-0.20308946073055267,-0.08954119682312012,0,0.22037439048290253,0.9332079887390137,0.28314879536628723,0,0.026078199967741966,-0.295823872089386,0.9546857476234436,0,0.0901079997420311,0.269336998462677,0.0028699999675154686,1
B28,mixamorig_LeftHandPinky2,27,0.995208740234375,0.09727488458156586,0.009824773296713829,0,-0.09417888522148132,0.9268819093704224,0.3628166913986206,0,0.02619657851755619,-0.3620030879974365,0.9316028952598572,0,0.00013499999477062374,0.0707089975476265,0,1
B29,mixamorig_LeftHandPinky3,28,0.9999790191650391,-0.006498000118881464,0.0002690000110305846,0,0.006498000118881464,0.9999790191650391,0.0000019999999949504854,0,-0.0002690000110305846,-7.888585618065491e-12,1,0,0.0000870000003487803,0.05762600153684616,0,1
B30,mixamorig_LeftHandPinky4,29,1,0,0,0,0,1,0,0,0,0,1,0,-0.00022200000239536166,0.042041998356580734,0,1
B31,mixamorig_RightShoulder,3,-0.11876954883337021,0.048780351877212524,0.9916857481002808,0,-0.9104729890823364,-0.4033777117729187,-0.08931798487901688,0,0.3956577479839325,-0.9135585427284241,0.09222457557916641,0,-0.1384260058403015,0.2912929952144623,0.0010499999625608325,1
B32,mixamorig_RightArm,31,0.9630659818649292,0.20769456028938293,-0.1661110669374466,0,-0.23048029839992523,0.963374137878418,-0.12073742598295212,0,0.13685351610183716,0.15417936444282532,0.9762743711471558,0,0,0.2904999852180481,0,1
B33,mixamorig_RightForeArm,32,0.719769299030304,-0.6195504069328308,0.3113385736942291,0,0.5700120329856873,0.7843471765518188,0.24275371432304382,0,-0.39510151743888855,0.0022703432478010654,0.9184901714324951,0,0,0.4395669996738434,0,1
B34,mixamorig_RightHand,33,0.9960377216339111,0.072367824614048,0.046390168368816376,0,-0.0014769055414944887,0.5496084094047546,-0.8348139524459839,0,-0.08638333529233932,0.83177649974823,0.5474515557289124,0,0,0.5990020036697388,0,1
B35,mixamorig_RightHandThumb1,34,0.7677832245826721,-0.6324233412742615,-0.1017392948269844,0,0.6237896680831909,0.7021020650863647,0.34312713146209717,0,-0.14557775855064392,-0.3269985616207123,0.9337419271469116,0,0.07858700305223465,0.055858999490737915,0.03144000098109245,1
B36,mixamorig_RightHandThumb2,35,0.9998101592063904,0.013408325612545013,0.002137415576726198,0,-0.013415086083114147,0.999802827835083,0.0032859898637980223,0,-0.002054594922810793,-0.0033133875112980604,0.9999887347221375,0,0.009664000011980534,0.08055300265550613,0,1
B37,mixamorig_RightHandThumb3,36,0.9947519898414612,-0.10072100162506104,-0.01798499934375286,0,0.10070180147886276,0.9949150085449219,-0.001969000091776252,0,0.018092000856995583,0.00014800000644754618,0.9998360276222229,0,-0.0007980000227689743,0.09821899980306625,0,1
B38,mixamorig_RightHandThumb4,37,1,0,0,0,0,1,0,0,0,0,1,0,-0.00886599998921156,0.08128199726343155,0,1
B39,mixamorig_RightHandIndex1,34,0.9762645959854126,-0.21434961259365082,-0.02999483235180378,0,0.21610493957996368,0.9730433225631714,0.0801415890455246,0,0.012013617902994156,-0.08472731709480286,0.9963312149047852,0,0.09475299715995789,0.2529670000076294,0.004517999943345785,1
B40,mixamorig_RightHandIndex2,39,0.9998720288276672,0.015922000631690025,0.001863999990746379,0,-0.015773000195622444,0.9564160108566284,0.29158198833465576,0,0.002859999891370535,-0.29157400131225586,0.9565439820289612,0,0.000014999999621068127,0.0848739966750145,0,1
B41,mixamorig_RightHandIndex3,40,1,0,0,0,0,1,9.999999974752427e-7,0,0,-9.999999974752427e-7,1,0,0.000014000000192027073,0.08154100179672241,0,1
B42,mixamorig_RightHandIndex4,41,1,0,0,0,0,1,0,0,0,0,1,0,-0.000029000000722589903,0.07011699676513672,0,1
B43,mixamorig_RightHandMiddle1,34,0.9987950325012207,-0.048512693494558334,-0.007409812416881323,0,0.049021944403648376,0.993205726146698,0.10521344095468521,0,0.0022488839458674192,-0.10544926673173904,0.9943872690200806,0,0.02772199921309948,0.2502959966659546,0.0038469999562948942,1
B44,mixamorig_RightHandMiddle2,43,0.9995733499526978,-0.028267523273825645,-0.0073386430740356445,0,0.02889389358460903,0.9206818342208862,0.3891538977622986,0,-0.004250688944011927,-0.38919946551322937,0.9211062788963318,0,0.00015700000221841037,0.1060900017619133,0,1
B45,mixamorig_RightHandMiddle3,44,0.9999989867210388,-0.0010920000495389104,0.00003899999865097925,0,0.0010920000495389104,0.9999989867210388,-9.999999974752427e-7,0,-0.00003899999865097925,9.999999974752427e-7,1,0,-0.000018999999156221747,0.10275900363922119,0,1
B46,mixamorig_RightHandMiddle4,45,1,0,0,0,0,1,0,0,0,0,1,0,-0.00013800000306218863,0.09159000217914581,0,1
B47,mixamorig_RightHandRing1,34,0.9976793527603149,0.03349093347787857,0.059255294501781464,0,-0.043716806918382645,0.9824678897857666,0.18076196312904358,0,-0.05218254774808884,-0.18293370306491852,0.9816532135009766,0,-0.03647800162434578,0.25637900829315186,0.006010999903082848,1
B48,mixamorig_RightHandRing2,47,0.9981433749198914,-0.06005295738577843,-0.010081504471600056,0,0.05857732892036438,0.9017589688301086,0.4280518889427185,0,-0.016632605344057083,-0.4278469681739807,0.9036051630973816,0,0.000007999999979801942,0.09416700154542923,0,1
B49,mixamorig_RightHandRing3,48,1,0,0,0,0,1,-8.027677722566295e-7,0,0,8.027677722566295e-7,1,0,-0.000009999999747378752,0.08698000013828278,0,1
B50,mixamorig_RightHandRing4,49,1,0,0,0,0,1,0,0,0,0,1,0,0.0000019999999949504854,0.07747200131416321,0,1
B51,mixamorig_RightHandPinky1,34,0.9768131971359253,0.16128982603549957,0.1405544877052307,0,-0.18863236904144287,0.9591342210769653,0.21036776900291443,0,-0.10098660737276077,-0.23203977942466736,0.9673673510551453,0,-0.08599700033664703,0.25457900762557983,0.005853999871760607,1
B52,mixamorig_RightHandPinky2,51,0.9926910400390625,-0.12007980048656464,-0.01174315344542265,0,0.11756511777639389,0.9409510493278503,0.31654542684555054,0,-0.02702568657696247,-0.31560707092285156,0.9481983184814453,0,-0.00005199999941396527,0.07827500253915787,0,1
B53,mixamorig_RightHandPinky3,52,0.9999989867210388,-0.0016159999649971724,0.00005980275818728842,0,0.0016159999649971724,0.9999989867210388,0,0,-0.00005980275818728842,0,1,0,0.00006900000153109431,0.061941999942064285,0,1
B54,mixamorig_RightHandPinky4,53,1,0,0,0,0,1,0,0,0,0,1,0,-0.000015999999959603883,0.05420200154185295,0,1
B55,mixamorig_LeftUpLeg,0,-0.9958436489105225,-0.05504770204424858,0.060773517936468124,0,0.0808495357632637,-0.8531707525253296,0.5094135999679565,0,0.022283175960183144,0.5129054188728333,0.8541520237922668,0,0.1880349963903427,-0.12249399721622467,0.04344800114631653,1
B56,mixamorig_LeftLeg,55,0.908829927444458,-0.2501704692840576,-0.31993451714515686,0,0.013704647310078144,0.7873519659042358,-0.598240852355957,0,0.413096159696579,0.5435274243354797,0.7176759839057922,0,0,1.1067359447479248,0,1
B57,mixamorig_LeftFoot,56,0.9636344313621521,-0.2430562674999237,0.10244964063167572,0,0.09663895517587662,0.6824314594268799,0.7232468128204346,0,-0.2449537068605423,-0.6870298385620117,0.6821165084838867,0,0,1.0646979808807373,0,1
B58,mixamorig_LeftToeBase,57,0.9975121021270752,-0.0054419031366705894,0.0700099766254425,0,-0.03113485872745514,0.859415590763092,0.5103173851966858,0,-0.06295031309127808,-0.511218249797821,0.8571245670318604,0,0,0.39963701367378235,0,1
B59,mixamorig_LeftToe_End,58,1,0,0,0,0,1,0,0,0,0,1,0,0,0.16027100384235382,0,1
B60,mixamorig_RightUpLeg,0,-0.7342303395271301,0.42035046219825745,-0.5328887701034546,0,-0.5258495807647705,-0.8424702882766724,0.05752267315983772,0,-0.425498366355896,0.3227536976337433,0.8392094969749451,0,-0.1880349963903427,-0.12249399721622467,0.04724099859595299,1
B61,mixamorig_RightLeg,60,0.9522268176078796,0.040095824748277664,-0.300803542137146,0,-0.2759058177471161,0.4716587960720062,-0.8259180784225464,0,0.10781504958868027,0.8693419098854065,0.46075284481048584,0,0,1.1064130067825317,0,1
B62,mixamorig_RightFoot,61,0.9124324321746826,0.38117480278015137,-0.14761421084403992,0,-0.1243184506893158,0.6023029685020447,0.7884308695793152,0,0.3894774615764618,-0.7010630369186401,0.5969056487083435,0,0,1.0645370483398438,0,1
B63,mixamorig_RightToeBase,62,0.998429000377655,-0.01651570573449135,-0.05344879627227783,0,0.03800930082798004,0.901336133480072,0.43144315481185913,0,0.041047099977731705,-0.43280211091041565,0.9005488157272339,0,0,0.4002879858016968,0,1
B64,mixamorig_RightToe_End,63,1,0,0,0,0,1,0,0,0,0,1,0,0,0.1606930047273636,0,1
@52,0,1,2,3,4,5,7,8,9,10,11,12,13,15,16,17,19,20,21,23,24,25,27,28,29,31,32,33,34,35,36,37,39,40,41,43,44,45,47,48,49,51,52,53,55,56,57,58,60,61,62,63
K0.000,0.8152390122413635,0.2318660020828247,0.5306820273399353,0,-0.013438999652862549,0.9236800074577332,-0.3829300105571747,0,-0.5789690017700195,0.30504700541496277,0.7561360001564026,0,-0.09620700031518936,3.6979289054870605,-0.2425680011510849,1,0.998291015625,-0.057663001120090485,-0.009513000026345253,0,0.057937998324632645,0.9551380276679993,0.2904379963874817,0,-0.007660999894142151,-0.2904930114746094,0.9568470120429993,0,0,0.2202170044183731,0.008104999549686909,1,0.9927099943161011,-0.11740200221538544,-0.027256999164819717,0,0.11553400009870529,0.8625550270080566,0.49259498715400696,0,-0.03432000055909157,-0.49215400218963623,0.8698310256004333,0,0,0.25709301233291626,0,1,0.9927099943161011,-0.11740200221538544,-0.027257999405264854,0,0.11553499847650528,0.8625550270080566,0.49259600043296814,0,-0.03432000055909157,-0.49215400218963623,0.8698310256004333,0,0,0.2938210070133209,0,1,0.9905380010604858,-0.11385399848222733,-0.0766260027885437,0,0.11318700015544891,0.9934890270233154,-0.013012000359594822,0,0.07760799676179886,0.004215999972075224,0.9969750046730042,0,0,0.3305479884147644,0,1,0.9914659857749939,0.03181599825620651,-0.12642599642276764,0,-0.026910999789834023,0.9988240003585815,0.04031800106167793,0,0.12756000459194183,-0.03657199814915657,0.9911559820175171,0,0,0.12481100112199783,-0.008554999716579914,1,-0.01677899993956089,-0.07139299809932709,-0.9973070025444031,0,0.967976987361908,-0.2510330080986023,0.0016850000247359276,0,-0.25047698616981506,-0.9653419852256775,0.07331900298595428,0,0.1384260058403015,0.2913219928741455,0.001838000025600195,1,0.8743720054626465,-0.03082199953496456,0.4842759966850281,0,0.18605299293994904,0.9430059790611267,-0.2759059965610504,0,-0.4481709897518158,0.33134499192237854,0.8302729725837708,0,0,0.2904999852180481,0,1,0.9290760159492493,0.3135730028152466,0.19618499279022217,0,-0.33621200919151306,0.937034010887146,0.09449300169944763,0,-0.15420199930667877,-0.15375100076198578,0.9760029911994934,0,0,0.4395270049571991,0,1,0.9695659875869751,0.180526003241539,0.16538399457931519,0,-0.05248799920082092,0.8130689859390259,-0.5797960162162781,0,-0.23913699388504028,0.5534700155258179,0.7978000044822693,0,0,0.5992599725723267,0,1,0.8480160236358643,0.47354599833488464,-0.2379550039768219,0,-0.2778629958629608,0.7796139717102051,0.5612429976463318,0,0.45128801465034485,-0.409824013710022,0.7927060127258301,0,-0.0829010009765625,0.056887999176979065,0.033245999366045,1,0.9896190166473389,0.14358100295066833,-0.006198999937623739,0,-0.14365799725055695,0.9895210266113281,-0.014498000033199787,0,0.004052000120282173,0.015238000079989433,0.9998760223388672,0,-0.0114120002835989,0.08394499868154526,0,1,0.9925609827041626,0.12120600044727325,0.01147099956870079,0,-0.12119700014591217,0.9926270246505737,-0.001538999960757792,0,-0.011572999879717827,0.00013699999544769526,0.9999330043792725,0,0.001142999972216785,0.0930820032954216,0,1,0.9686440229415894,0.24776700139045715,0.01843699999153614,0,-0.2484389990568161,0.9651579856872559,0.08214300125837326,0,0.0025579999200999737,-0.08414799720048904,0.9964500069618225,0,-0.09299299865961075,0.2458769977092743,0.003114999970421195,1,0.9998850226402283,-0.015130000188946724,-0.0008549999911338091,0,0.014755000360310078,0.9591249823570251,0.28259900212287903,0,-0.0034549999982118607,-0.2825790047645569,0.9592379927635193,0,0.000015999999959603883,0.08608599752187729,0,1,1,0,0,0,0,1,0,0,0,0,1,0,-0.000009999999747378752,0.08524399995803833,0,1,0.9984369874000549,-0.03926600143313408,-0.03977999836206436,0,0.0483269989490509,0.9640210270881653,0.26139500737190247,0,0.028085000813007355,-0.2629089951515198,0.9644119739532471,0,-0.03177399933338165,0.24490000307559967,0.004255000036209822,1,0.99959397315979,0.02739099971950054,0.0078940000385046,0,-0.028359999880194664,0.9276099801063538,0.37247300148010254,0,0.002879000036045909,-0.3725450038909912,0.9280099868774414,0,0.000011000000085914508,0.10925000160932541,0,1,1,0,0,0,0,1,0,0,0,0,1,0,-0.000015999999959603883,0.10728400200605392,0,1,0.9901999831199646,-0.1297380030155182,-0.0516900010406971,0,0.13750800490379333,0.8410639762878418,0.5231660008430481,0,-0.02439899928867817,-0.525147020816803,0.8506619930267334,0,0.034658998250961304,0.2718319892883301,0.003166999900713563,1,0.9988260269165039,0.04737899824976921,0.010080000385642052,0,-0.045520998537540436,0.8469849824905396,0.5296639800071716,0,0.0165570005774498,-0.5295010209083557,0.848147988319397,0,0.000006000000212225132,0.08845499902963638,0,1,1,0,0,0,0,1,0,0,0,0,1,0,0.000039999998989515007,0.08349200338125229,0,1,0.9789389967918396,-0.1872439980506897,-0.08135099709033966,0,0.20003299415111542,0.8000919818878174,0.565542995929718,0,-0.04080599918961525,-0.5699049830436707,0.8206959962844849,0,0.0901079997420311,0.269336998462677,0.0028699999675154686,1,0.9944400191307068,0.10429300367832184,0.014574999921023846,0,-0.08992899954319,0.769029974937439,0.6328549981117249,0,0.05479300022125244,-0.6306470036506653,0.774133026599884,0,0.00013499999477062374,0.0707089975476265,0,1,0.9999790191650391,-0.006498000118881464,0.0002690000110305846,0,0.006498000118881464,0.9999790191650391,0.0000019999999949504854,0,-0.0002690000110305846,0,1,0,0.0000870000003487803,0.05762600153684616,0,1,-0.21817900240421295,0.0903329998254776,0.9717190265655518,0,-0.9458839893341064,-0.26465898752212524,-0.18777500092983246,0,0.24021199345588684,-0.9601020216941833,0.1431870013475418,0,-0.1384260058403015,0.2912929952144623,0.0010499999625608325,1,0.8879830241203308,0.14440399408340454,-0.4366160035133362,0,-0.24172300100326538,0.9542490243911743,-0.17600899934768677,0,0.3912239968776703,0.2618330121040344,0.8822630047798157,0,0,0.2904999852180481,0,1,0.8806989789009094,-0.4680759906768799,-0.07262399792671204,0,0.46970799565315247,0.8827999830245972,0.0062489998526871204,0,0.061188001185655594,-0.03961599990725517,0.9973400235176086,0,0,0.4395669996738434,0,1,0.9985190033912659,-0.00823500007390976,-0.05377599969506264,0,-0.026517000049352646,0.7894309759140015,-0.6132659912109375,0,0.047501999884843826,0.6137840151786804,0.7880439758300781,0,0,0.5990020036697388,0,1,0.8867490291595459,-0.46200600266456604,-0.015057000331580639,0,0.4307889938354492,0.8141440153121948,0.3893449902534485,0,-0.16762100160121918,-0.35173800587654114,0.9209690093994141,0,0.07858700305223465,0.055858999490737915,0.03144000098109245,1,0.9719160199165344,0.23521199822425842,0.007348999846726656,0,-0.23529599606990814,0.9708070158958435,0.046585001051425934,0,0.003823000006377697,-0.04700599983334541,0.9988870024681091,0,0.009664000011980534,0.08055300265550613,0,1,0.9947519898414612,-0.10072100162506104,-0.01798499934375286,0,0.10070200264453888,0.9949150085449219,-0.001969000091776252,0,0.018092000856995583,0.00014800000644754618,0.9998360276222229,0,-0.0007980000227689743,0.09821899980306625,0,1,0.9958040118217468,-0.08954799920320511,-0.01883699931204319,0,0.09093700349330902,0.9913579821586609,0.09455200284719467,0,0.010208000428974628,-0.09586799889802933,0.9953420162200928,0,0.09475299715995789,0.2529670000076294,0.004517999943345785,1,0.9998720288276672,0.01592100039124489,0.001863999990746379,0,-0.015773000195622444,0.9564160108566284,0.29158198833465576,0,0.002859999891370535,-0.29157400131225586,0.9565439820289612,0,0.000014999999621068127,0.0848739966750145,0,1,1,0,0,0,0,1,0,0,0,0,1,0,0.000014000000192027073,0.08154100179672241,0,1,0.9981170296669006,-0.0606129989027977,-0.009386000223457813,0,0.06111299991607666,0.9697819948196411,0.23619399964809418,0,-0.00521400012075901,-0.23632200062274933,0.9716609716415405,0,0.02772199921309948,0.2502959966659546,0.0038469999562948942,1,0.9990869760513306,-0.04058999940752983,-0.013332000002264977,0,0.0417339988052845,0.8604210019111633,0.5078719854354858,0,-0.009142999537289143,-0.5079650282859802,0.8613290190696716,0,0.00015700000221841037,0.1060900017619133,0,1,0.9999989867210388,-0.0010920000495389104,0.00003899999865097925,0,0.0010920000495389104,0.9999989867210388,0,0,-0.00003899999865097925,0,1,0,-0.000018999999156221747,0.10275900363922119,0,1,0.9985740184783936,0.009971000254154205,0.0524430014193058,0,-0.029231000691652298,0.9241589903831482,0.3808870017528534,0,-0.04466800019145012,-0.38187700510025024,0.9231330156326294,0,-0.03647800162434578,0.25637900829315186,0.006010999903082848,1,0.9966099858283997,-0.07933799922466278,-0.021789999678730965,0,0.07631199806928635,0.79237300157547,0.6052460074424744,0,-0.03075299970805645,-0.604856014251709,0.7957410216331482,0,0.000007999999979801942,0.09416700154542923,0,1,1,0,0,0,0,1,0,0,0,0,1,0,-0.000009999999747378752,0.08698000013828278,0,1,0.9954530000686646,0.04843999817967415,0.08201199769973755,0,-0.07843700051307678,0.9053729772567749,0.4173089861869812,0,-0.054037000983953476,-0.4218440055847168,0.9050570130348206,0,-0.08599700033664703,0.25457900762557983,0.005853999871760607,1,0.986965000629425,-0.15763600170612335,-0.03241699934005737,0,0.14065000414848328,0.7469930052757263,0.6497830152511597,0,-0.07821399718523026,-0.6458730101585388,0.7594280242919922,0,-0.00005199999941396527,0.07827500253915787,0,1,0.9999989867210388,-0.0016159999649971724,0.00005900000178371556,0,0.0016159999649971724,0.9999989867210388,0,0,-0.00005900000178371556,0,1,0,0.00006900000153109431,0.061941999942064285,0,1,-0.937080979347229,0.016099000349640846,0.34874099493026733,0,0.32611000537872314,-0.3162370026111603,0.8908680081367493,0,0.1246270015835762,0.9485440254211426,0.2910889983177185,0,0.1880349963903427,-0.12249399721622467,0.04344800114631653,1,0.9999309778213501,0.008725999854505062,0.0078959995880723,0,0.011506999842822552,-0.5843780040740967,-0.8113999962806702,0,-0.0024659999180585146,0.8114339709281921,-0.5844380259513855,0,0,1.1067359447479248,0,1,0.9752830266952515,-0.20503099262714386,0.08237099647521973,0,0.021587999537587166,0.4594239890575409,0.8879539966583252,0,-0.21990199387073517,-0.8642290234565735,0.4524950087070465,0,0,1.0646979808807373,0,1,0.9985799789428711,-0.0018789999885484576,0.05324599891901016,0,-0.02675200067460537,0.8465840220451355,0.5315830111503601,0,-0.04607599973678589,-0.5322520136833191,0.8453310132026672,0,0,0.39963701367378235,0,1,-0.9011189937591553,0.044530000537633896,-0.4312790036201477,0,-0.4168410003185272,-0.3626349866390228,0.8335099816322327,0,-0.11928100138902664,0.9308670163154602,0.34533900022506714,0,-0.1880349963903427,-0.12249399721622467,0.04724099859595299,1,0.9594190120697021,0.19394700229167938,-0.20469599962234497,0,-0.016227999702095985,-0.6867309808731079,-0.72673100233078,0,-0.28151899576187134,0.700560986995697,-0.6557149887084961,0,0,1.1064130067825317,0,1,0.9572659730911255,0.2445790022611618,-0.1543470025062561,0,-0.11917100101709366,0.8198509812355042,0.5600379705429077,0,0.26351499557495117,-0.5177109837532043,0.8139619827270508,0,0,1.0645370483398438,0,1,0.9989240169525146,-0.003387999953702092,-0.046243999153375626,0,0.024596000090241432,0.8841670155525208,0.4665229916572571,0,0.03930699825286865,-0.4671590030193329,0.8832989931106567,0,0,0.4002879858016968,0,1
K0.033,0.8306741118431091,0.21273291110992432,0.5145148038864136,0,-0.006664208602160215,0.9278581142425537,-0.3728746473789215,0,-0.5567188262939453,0.30630865693092346,0.7721652388572693,0,-0.0996229276061058,3.6286542415618896,-0.2376648336648941,1,0.998714029788971,-0.05041096732020378,-0.005484958179295063,0,0.04986295476555824,0.9566510319709778,0.28693684935569763,0,-0.009218022227287292,-0.28684085607528687,0.9579340815544128,0,0,0.2202170044183731,0.008104999549686909,1,0.9942409992218018,-0.105620838701725,-0.01815190538764,0,0.10107181966304779,0.8678112030029297,0.4865057170391083,0,-0.03563297912478447,-0.48553869128227234,0.873488187789917,0,0,0.25709301233291626,0,1,0.9942409992218018,-0.105620838701725,-0.01815190538764,0,0.10107181966304779,0.8678112030029297,0.48650673031806946,0,-0.03563297912478447,-0.48553869128227234,0.873488187789917,0,0,0.2938210070133209,0,1,0.9885069727897644,-0.12685193121433258,-0.08223200589418411,0,0.12501491606235504,0.9917839765548706,-0.027136163786053658,0,0.08499902486801147,0.016544168815016747,0.9962440133094788,0,0,0.3305479884147644,0,1,0.9889860153198242,0.0526629239320755,-0.13832218945026398,0,-0.045307911932468414,0.9974139928817749,0.055792033672332764,0,0.14090318977832794,-0.04891003668308258,0.9888149499893188,0,0,0.12481100112199783,-0.008554999716579914,1,0.008112176321446896,-0.07161997258663177,-0.9973989725112915,0,0.9642109870910645,-0.26378002762794495,0.026783164590597153,0,-0.2650120258331299,-0.9619200229644775,0.06691692769527435,0,0.1384260058403015,0.2913219928741455,0.001838000025600195,1,0.8683499693870544,0.043408457189798355,0.494049072265625,0,0.15630286931991577,0.921444833278656,-0.35568153858184814,0,-0.4706781506538391,0.3860773742198944,0.7933506965637207,0,0,0.2904999852180481,0,1,0.9353358745574951,0.33087247610092163,0.12518350780010223,0,-0.3442904055118561,0.9327298402786255,0.10714110732078552,0,-0.08131143450737,-0.14331196248531342,0.986331045627594,0,0,0.4395270049571991,0,1,0.9838870763778687,0.13086377084255219,0.12182656675577164,0,-0.026825113222002983,0.7817131280899048,-0.6230608820915222,0,-0.17676950991153717,0.609752893447876,0.7726281881332397,0,0,0.5992599725723267,0,1,0.8453019261360168,0.4812562167644501,-0.23206885159015656,0,-0.2871192395687103,0.7754708528518677,0.562324047088623,0,0.4505849778652191,-0.40870195627212524,0.7936850190162659,0,-0.0829010009765625,0.056887999176979065,0.033245999366045,1,0.9896190166473389,0.14358100295066833,-0.006198999937623739,0,-0.14365799725055695,0.9895210266113281,-0.014498000033199787,0,0.004052000120282173,0.015238000079989433,0.9998760223388672,0,-0.0114120002835989,0.08394499868154526,0,1,0.9925609827041626,0.12120600044727325,0.01147099956870079,0,-0.12119700014591217,0.9926270246505737,-0.0015379999531432986,0,-0.011572999879717827,0.00013699999544769526,0.9999330043792725,0,0.001142999972216785,0.0930820032954216,0,1,0.967773973941803,0.2511240839958191,0.018743008375167847,0,-0.25181010365486145,0.9643039703369141,0.08191298693418503,0,0.0024969973601400852,-0.08399299532175064,0.9964630007743835,0,-0.09299299865961075,0.2458769977092743,0.003114999970421195,1,0.9998850226402283,-0.015130000188946724,-0.0008549999911338091,0,0.014755000360310078,0.9591249823570251,0.28259900212287903,0,-0.0034549999982118607,-0.2825790047645569,0.9592379927635193,0,0.000015999999959603883,0.08608599752187729,0,1,1,0,0,0,0,1,0,0,0,0,1,0,-0.000009999999747378752,0.08524399995803833,0,1,0.9986609816551208,-0.03448887914419174,-0.038568973541259766,0,0.04317987337708473,0.9662280678749084,0.2540437877178192,0,0.028505008667707443,-0.25536879897117615,0.9664230346679688,0,-0.03177399933338165,0.24490000307559967,0.004255000036209822,1,0.9996160268783569,0.026638979092240334,0.007634993176907301,0,-0.027584979310631752,0.9303260445594788,0.3656938076019287,0,0.0026389944832772017,-0.3657638132572174,0.9307040572166443,0,0.000011000000085914508,0.10925000160932541,0,1,1,0,0,0,0,1,0,0,0,0,1,0,-0.000015999999959603883,0.10728400200605392,0,1,0.9903050065040588,-0.12907399237155914,-0.051343996077775955,0,0.13704299926757812,0.8473702073097229,0.5130137205123901,0,-0.0227089561522007,-0.5150766968727112,0.8568431735038757,0,0.034658998250961304,0.2718319892883301,0.003166999900713563,1,0.9988589882850647,0.046758983284235,0.009694990701973438,0,-0.04498598352074623,0.8532581925392151,0.5195447206497192,0,0.016020987182855606,-0.5193886756896973,0.8543881773948669,0,0.000006000000212225132,0.08845499902963638,0,1,1,0,0,0,0,1,0,0,0,0,1,0,0.000039999998989515007,0.08349200338125229,0,1,0.9788450002670288,-0.18762502074241638,-0.08160301297903061,0,0.20100003480911255,0.8072971701622009,0.5548607110977173,0,-0.03822692856192589,-0.5595247149467468,0.8279311656951904,0,0.0901079997420311,0.269336998462677,0.0028699999675154686,1,0.9944700002670288,0.10403599590063095,0.014339993707835674,0,-0.0902790054678917,0.7771151661872864,0.622849702835083,0,0.05365496873855591,-0.6207007169723511,0.7822101712226868,0,0.00013499999477062374,0.0707089975476265,0,1,0.9999790191650391,-0.006498000118881464,0.0002690000110305846,0,0.006498000118881464,0.9999790191650391,0.0000019999999949504854,0,-0.0002690000110305846,0,1,0,0.0000870000003487803,0.05762600153684616,0,1,-0.21997994184494019,0.09349098056554794,0.9710140228271484,0,-0.9488189816474915,-0.25173699855804443,-0.19071394205093384,0,0.226610004901886,-0.9632700085639954,0.1440829634666443,0,-0.1384260058403015,0.2912929952144623,0.0010499999625608325,1,0.8874050378799438,0.10811487585306168,-0.4481329321861267,0,-0.21622799336910248,0.956157922744751,-0.19750133156776428,0,0.40713390707969666,0.2721622884273529,0.8718769550323486,0,0,0.2904999852180481,0,1,0.8663578033447266,-0.4993871748447418,-0.006100079510360956,0,0.49941521883010864,0.8663508892059326,0.004531098995357752,0,0.00302216038107872,-0.006972606293857098,0.9999709129333496,0,0,0.4395669996738434,0,1,0.9988588690757751,0.021786274388432503,0.04250709339976311,0,0.007352384738624096,0.8091982007026672,-0.5874897837638855,0,-0.04719605669379234,0.5871317386627197,0.8081140518188477,0,0,0.5990020036697388,0,1,0.882710874080658,-0.469550222158432,-0.018525099381804466,0,0.43925321102142334,0.8104658722877502,0.3875569701194763,0,-0.16696397960186005,-0.35023796558380127,0.9216600060462952,0,0.07858700305223465,0.055858999490737915,0.03144000098109245,1,0.9740380644798279,0.2262747585773468,0.0070089902728796005,0,-0.22635875642299652,0.9730120301246643,0.04482395574450493,0,0.003321989206597209,-0.045246951282024384,0.9989699721336365,0,0.009664000011980534,0.08055300265550613,0,1,0.9947519898414612,-0.10072100162506104,-0.01798499934375286,0,0.10070200264453888,0.9949150085449219,-0.001969000091776252,0,0.018092000856995583,0.00014800000644754618,0.9998360276222229,0,-0.0007980000227689743,0.09821899980306625,0,1,0.9953169822692871,-0.09468713402748108,-0.019448012113571167,0,0.0961071327328682,0.9909080266952515,0.09415498375892639,0,0.010356000624597073,-0.09558398276567459,0.9953680038452148,0,0.09475299715995789,0.2529670000076294,0.004517999943345785,1,0.9998720288276672,0.015922000631690025,0.001863999990746379,0,-0.015773000195622444,0.9564160108566284,0.29158198833465576,0,0.002859999891370535,-0.29157400131225586,0.9565439820289612,0,0.000014999999621068127,0.0848739966750145,0,1,1,0,0,0,0,1,0,0,0,0,1,0,0.000014000000192027073,0.08154100179672241,0,1,0.9981459975242615,-0.06014898419380188,-0.009283997118473053,0,0.06066498905420303,0.9710710644721985,0.23095686733722687,0,-0.004875991027802229,-0.23109187185764313,0.9729200601577759,0,0.02772199921309948,0.2502959966659546,0.0038469999562948942,1,0.9991120100021362,-0.0400489866733551,-0.013083993457257748,0,0.0411909855902195,0.8632640838623047,0.5030678510665894,0,-0.008852992206811905,-0.5031608939170837,0.8641480803489685,0,0.00015700000221841037,0.1060900017619133,0,1,0.9999989867210388,-0.0010920000495389104,0.00003899999865097925,0,0.0010920000495389104,0.9999989867210388,0,0,-0.00003899999865097925,0,1,0,-0.000018999999156221747,0.10275900363922119,0,1,0.9985449910163879,0.010869025252759457,0.05282101035118103,0,-0.02981901727616787,0.9273970723152161,0.3728867769241333,0,-0.044933006167411804,-0.3739188015460968,0.9263720512390137,0,-0.03647800162434578,0.25637900829315186,0.006010999903082848,1,0.9966809749603271,-0.07858497649431229,-0.02123398520052433,0,0.0756399855017662,0.7976511120796204,0.5983577966690063,0,-0.03008498251438141,-0.5979778170585632,0.8009481430053711,0,0.000007999999979801942,0.09416700154542923,0,1,1,0,0,0,0,1,0,0,0,0,1,0,-0.000009999999747378752,0.08698000013828278,0,1,0.9949780106544495,0.0525871105492115,0.08516908437013626,0,-0.0830521211028099,0.9086570739746094,0.4091998040676117,0,-0.05587005242705345,-0.4142177999019623,0.9084610342979431,0,-0.08599700033664703,0.25457900762557983,0.005853999871760607,1,0.9872170090675354,-0.15627697110176086,-0.03129196912050247,0,0.14010998606681824,0.7573902606964111,0.6377527117729187,0,-0.07596594095230103,-0.633985698223114,0.7696052193641663,0,-0.00005199999941396527,0.07827500253915787,0,1,0.9999989867210388,-0.0016159999649971724,0.00005900000178371556,0,0.0016159999649971724,0.9999989867210388,0,0,-0.00005900000178371556,0,1,0,0.00006900000153109431,0.061941999942064285,0,1,-0.9382370710372925,-0.004886007402092218,0.3459598124027252,0,0.3265767991542816,-0.34275853633880615,0.8808308839797974,0,0.11427710950374603,0.9394107460975647,0.3231845498085022,0,0.1880349963903427,-0.12249399721622467,0.04344800114631653,1,0.9999120235443115,-0.0041144611313939095,0.01264234259724617,0,0.007951072417199612,-0.5770672559738159,-0.8166584968566895,0,0.010655563324689865,0.8166864514350891,-0.5769832730293274,0,0,1.1067359447479248,0,1,0.9844830632209778,-0.15533661842346191,0.08163498342037201,0,-0.0007911528227850795,0.46127310395240784,0.8872579336166382,0,-0.17547963559627533,-0.873553991317749,0.4539930820465088,0,0,1.0646979808807373,0,1,0.9987069964408875,0.0013840158935636282,0.050808925181627274,0,-0.028215976431965828,0.8465530276298523,0.5315550565719604,0,-0.042276930063962936,-0.5323020815849304,0.8454980254173279,0,0,0.39963701367378235,0,1,-0.9105089902877808,0.02643146738409996,-0.4126429855823517,0,-0.388523131608963,-0.3961983621120453,0.8319117426872253,0,-0.14149978756904602,0.9177848100662231,0.37101149559020996,0,-0.1880349963903427,-0.12249399721622467,0.04724099859595299,1,0.9685219526290894,0.1732010394334793,-0.1787901371717453,0,-0.013393230736255646,-0.6809445023536682,-0.7322123646736145,0,-0.24856610596179962,0.7115584015846252,-0.6571905016899109,0,0,1.1064130067825317,0,1,0.9486318230628967,0.2673453986644745,-0.16918416321277618,0,-0.13156412541866302,0.8196597695350647,0.5575382709503174,0,0.2877284288406372,-0.5066401958465576,0.8127287030220032,0,0,1.0645370483398438,0,1,0.9988899827003479,-0.004859043285250664,-0.046858012676239014,0,0.026056041941046715,0.885653018951416,0.46361497044563293,0,0.03924699127674103,-0.46432095766067505,0.8847969770431519,0,0,0.4002879858016968,0,1
