0.633,30,18,65
B0,mixamorig_Hips,-1,0.98087078332901,0.1486779749393463,-0.12498551607131958,0,-0.12206020206212997,0.9722972512245178,0.19877207279205322,0,0.15099763870239258,-0.1797434389591217,0.9720211625099182,0,-0.0009183794027194381,2.246737480163574,-0.15109939873218536,1
B1,mixamorig_Spine,0,0.9672111868858337,-0.212308868765831,0.13478468358516693,0,0.17574270069599152,0.9524464011192322,0.24608062207698822,0,-0.18140487372875214,-0.21483179926872253,0.9586772322654724,0,0,0.2202170044183731,0.008104999549686909,1
B2,mixamorig_Spine1,1,0.9967644214630127,0.0780460461974144,0.018535712733864784,0,-0.07759811729192734,0.9965263605117798,-0.02661013789474964,0,-0.020580168813467026,0.025092916563153267,0.9993626475334167,0,0,0.25709301233291626,0,1
B3,mixamorig_Spine2,2,0.9967620372772217,0.07803454250097275,0.018560126423835754,0,-0.07780715078115463,0.9965968728065491,-0.016910776495933533,0,-0.019880862906575203,0.015421593561768532,0.9994491934776306,0,0,0.2938210070133209,0,1
B4,mixamorig_Neck,3,0.998779296875,-0.048363860696554184,0.0026698678266257048,0,0.04835006594657898,0.9986878037452698,-0.01269998773932457,0,-0.002111634472385049,0.012860597111284733,0.999869704246521,0,0,0.3305479884147644,0,1
B5,mixamorig_Head,4,0.999163806438446,0.003185164649039507,-0.02584723010659218,0,-0.01240442879498005,0.923836350440979,-0.3823252022266388,0,0.0226161926984787,0.3822334110736847,0.9231551885604858,0,0,0.12481100112199783,-0.008554999716579914,1
B6,mixamorig_HeadTop_End,5,1,0,0,0,0,1,0,0,0,0,1,0,0,0.784824013710022,-0.053794000297784805,1
B7,mixamorig_LeftShoulder,3,0.13392485678195953,0.04002104699611664,-0.9899590015411377,0,0.9260283708572388,-0.35999324917793274,0.11051187664270401,0,-0.35183775424957275,-0.9318851828575134,-0.08560545742511749,0,0.1384260058403015,0.2913219928741455,0.001838000025600195,1
B8,mixamorig_LeftArm,7,0.9228971600532532,0.2628425061702728,0.25981783866882324,0,-0.3682076334953308,0.6800140142440796,0.625474750995636,0,-0.013768217526376247,-0.6833599805831909,0.727899968624115,0,0,0.2904999852180481,0,1
B9,mixamorig_LeftForeArm,8,-0.22809851169586182,0.9727287292480469,-0.03614504635334015,0,-0.9724181890487671,-0.22937804460525513,-0.03637726977467537,0,-0.0436931774020195,0.026851076632738113,0.9986839890480042,0,0,0.4395270049571991,0,1
B10,mixamorig_LeftHand,9,0.9805720448493958,-0.18187204003334045,-0.05514167994260788,0,0.17459703981876373,0.9773567318916321,-0.11367619782686234,0,0.07476208359003067,0.10076674073934555,0.9915220737457275,0,0,0.5992599725723267,0,1
B11,mixamorig_LeftHandThumb1,10,0.9198694825172424,0.3624987006187439,-0.1489238142967224,0,-0.33517253398895264,0.9246413111686707,0.1794898957014084,0,0.20298509299755096,-0.11502590775489807,0.9722205996513367,0,-0.0829010009765625,0.056887999176979065,0.033245999366045,1
B12,mixamorig_LeftHandThumb2,11,0.9999629855155945,-0.005305000115185976,-0.006810999941080809,0,0.005522000137716532,0.9994609951972961,0.032371144741773605,0,0.006635854486376047,-0.03240799903869629,0.9994530081748962,0,-0.0114120002835989,0.08394499868154526,0,1
B13,mixamorig_LeftHandThumb3,12,0.99617999792099,0.08705399930477142,0.006829000078141689,0,-0.08670099824666977,0.9953780174255371,-0.041308000683784485,0,-0.010393000207841396,0.04055814445018768,0.9991229772567749,0,0.001142999972216785,0.0930820032954216,0,1
B14,mixamorig_LeftHandThumb4,13,1,0,0,0,0,1,0,0,0,0,1,0,0.010269000194966793,0.07683300226926804,0,1
B15,mixamorig_LeftHandIndex1,10,0.9921979904174805,0.12467185407876968,0.0005469995667226613,0,-0.12453999370336533,0.9909319877624512,0.0504300594329834,0,0.005745007656514645,-0.05010506138205528,0.998727023601532,0,-0.09299299865961075,0.2458769977092743,0.003114999970421195,1
B16,mixamorig_LeftHandIndex2,15,0.9998419880867004,-0.01772400550544262,-0.0012660009087994695,0,0.01772400550544262,0.9896960258483887,0.14208704233169556,0,-0.0012660009087994695,-0.14208704233169556,0.989853024482727,0,0.000015999999959603883,0.08608599752187729,0,1
B17,mixamorig_LeftHandIndex3,16,0.9999979734420776,-0.002060003113001585,-0.000017000053048832342,0,0.002060003113001585,0.9998610019683838,0.016519024968147278,0,-0.000017000053048832342,-0.016519024968147278,0.9998639822006226,0,-0.000009999999747378752,0.08524399995803833,0,1
B18,mixamorig_LeftHandIndex4,17,1,0,0,0,0,1,0,0,0,0,1,0,-0.000004999999873689376,0.07169900089502335,0,1
B19,mixamorig_LeftHandMiddle1,10,0.9921619892120361,0.12490998953580856,-0.003592000575736165,0,-0.12457498908042908,0.9909420013427734,0.05015205964446068,0,0.00982400868088007,-0.04931106045842171,0.9987350106239319,0,-0.03177399933338165,0.24490000307559967,0.004255000036209822,1
B20,mixamorig_LeftHandMiddle2,19,0.9998520016670227,-0.01716786064207554,-0.0012290008598938584,0,0.01716786064207554,0.9896550178527832,0.1424340456724167,0,-0.0012290008598938584,-0.1424340456724167,0.9898030161857605,0,0.000011000000085914508,0.10925000160932541,0,1
B21,mixamorig_LeftHandMiddle3,20,0.9999979734420776,-0.001992003060877323,-0.000017000043953885324,0,0.001992003060877323,0.9998610019683838,0.016526024788618088,0,-0.000016000052710296586,-0.016526024788618088,0.9998630285263062,0,-0.000015999999959603883,0.10728400200605392,0,1
B22,mixamorig_LeftHandMiddle4,21,1,0,0,0,0,1,0,0,0,0,1,0,0.000004999999873689376,0.0978970006108284,0,1
B23,mixamorig_LeftHandRing1,10,0.9921659827232361,0.12487499415874481,-0.0035530005116015673,0,-0.12453899532556534,0.9909319877624512,0.0504300594329834,0,0.009818008169531822,-0.049593061208724976,0.9987210035324097,0,0.034658998250961304,0.2718319892883301,0.003166999900713563,1
B24,mixamorig_LeftHandRing2,23,0.9998520016670227,-0.01714000478386879,-0.001225000829435885,0,0.01714000478386879,0.9896960258483887,0.14215804636478424,0,-0.001225000829435885,-0.14215804636478424,0.9898430109024048,0,0.000006000000212225132,0.08845499902963638,0,1
B25,mixamorig_LeftHandRing3,24,0.9998850226402283,-0.015165857970714569,-0.000957145937718451,0,0.015165857970714569,0.9919419884681702,0.12578187882900238,0,-0.0009578548488207161,-0.12578187882900238,0.9920571446418762,0,0.000039999998989515007,0.08349200338125229,0,1
B26,mixamorig_LeftHandRing4,25,1,0,0,0,0,1,0,0,0,0,1,0,-0.00004600000102072954,0.07037899643182755,0,1
B27,mixamorig_LeftHandPinky1,10,0.9983500242233276,0.056116990745067596,-0.012156859040260315,0,-0.05557384714484215,0.99760502576828,0.04118905961513519,0,0.014438861981034279,-0.04044505953788757,0.9990770220756531,0,0.0901079997420311,0.269336998462677,0.0028699999675154686,1
B28,mixamorig_LeftHandPinky2,27,0.9985010027885437,0.05472799390554428,-0.0007700007408857346,0,-0.05398699268698692,0.9871090054512024,0.15066803991794586,0,0.00900600291788578,-0.1504010409116745,0.9885839819908142,0,0.00013499999477062374,0.0707089975476265,0,1
B29,mixamorig_LeftHandPinky3,28,0.9997789859771729,-0.020973004400730133,-0.0012480004224926233,0,0.020963003858923912,0.9918270111083984,0.12585903704166412,0,-0.0014020003145560622,-0.125857874751091,0.9920470118522644,0,0.0000870000003487803,0.05762600153684616,0,1
B30,mixamorig_LeftHandPinky4,29,1,0,0,0,0,1,0,0,0,0,1,0,-0.00022200000239536166,0.042041998356580734,0,1
B31,mixamorig_RightShoulder,3,0.05438810586929321,-0.018762411549687386,0.9982473850250244,0,-0.9552368521690369,-0.29141542315483093,0.04645392298698425,0,0.289988249540329,-0.9562502503395081,-0.03398187458515167,0,-0.1384260058403015,0.2912929952144623,0.0010499999625608325,1
B32,mixamorig_RightArm,31,0.7517415881156921,0.24116824567317963,0.6095713376998901,0,-0.6202847361564636,0.5610467195510864,0.5441749691963196,0,-0.21120205521583557,-0.7918315529823303,0.571610152721405,0,0,0.2904999852180481,0,1
B33,mixamorig_RightForeArm,32,0.169661745429039,-0.9843733906745911,0.019945411011576653,0,0.9841078519821167,0.16892331838607788,-0.03418456390500069,0,0.030344702303409576,0.02542862668633461,0.9992152452468872,0,0,0.4395669996738434,0,1
B34,mixamorig_RightHand,33,0.8277613520622253,0.5356162190437317,0.1568339765071869,0,-0.48984596133232117,0.8332427740097046,-0.25585073232650757,0,-0.2679676115512848,0.1356254667043686,0.9520834684371948,0,0,0.5990020036697388,0,1
B35,mixamorig_RightHandThumb1,34,0.9371122121810913,-0.31905660033226013,0.1399504542350769,0,0.2708909511566162,0.9196867346763611,0.2834920883178711,0,-0.21901875734329224,-0.22771446406841278,0.94867342710495,0,0.07858700305223465,0.055858999490737915,0.03144000098109245,1
B36,mixamorig_RightHandThumb2,35,0.9810922741889954,0.18891072273254395,-0.022587645798921585,0,-0.1893482208251953,0.9811335802078247,-0.019921090453863144,0,0.018422817811369896,0.024251092225313187,0.9994640350341797,0,0.009664000011980534,0.08055300265550613,0,1
B37,mixamorig_RightHandThumb3,36,0.999265730381012,-0.022616976872086525,-0.02528400719165802,0,0.0205413606017828,0.9964695572853088,-0.07960216701030731,0,0.027011170983314514,0.07913587987422943,0.9964838624000549,0,-0.0007980000227689743,0.09821899980306625,0,1
B38,mixamorig_RightHandThumb4,37,1,0,0,0,0,1,0,0,0,0,1,0,-0.00886599998921156,0.08128199726343155,0,1
B39,mixamorig_RightHandIndex1,34,0.9945819973945618,-0.10395599901676178,0.00009200000204145908,0,0.1036899983882904,0.9921020269393921,0.07058686017990112,0,-0.007428999990224838,-0.07019485533237457,0.9975060224533081,0,0.09475299715995789,0.2529670000076294,0.004517999943345785,1
B40,mixamorig_RightHandIndex2,39,0.9995020031929016,0.031216999515891075,0.004548000171780586,0,-0.031216999515891075,0.9579399824142456,0.2852649986743927,0,0.004548000171780586,-0.2852649986743927,0.958437979221344,0,0.000014999999621068127,0.0848739966750145,0,1
B41,mixamorig_RightHandIndex3,40,0.9999949932098389,0.00303900009021163,0.00004199999966658652,0,-0.00303900009021163,0.9996100068092346,0.027775000780820847,0,0.00004199999966658652,-0.027775000780820847,0.9996140003204346,0,0.000014000000192027073,0.08154100179672241,0,1
B42,mixamorig_RightHandIndex4,41,1,0,0,0,0,1,0,0,0,0,1,0,-0.000029000000722589903,0.07011699676513672,0,1
B43,mixamorig_RightHandMiddle1,34,0.9947630167007446,-0.10219399631023407,0.0017871455056592822,0,0.10181400179862976,0.9922959804534912,0.07058200240135193,0,-0.008987000212073326,-0.07003085315227509,0.9975039958953857,0,0.02772199921309948,0.2502959966659546,0.0038469999562948942,1
B44,mixamorig_RightHandMiddle2,43,0.9995719790458679,0.02890699915587902,0.004412854555994272,0,-0.028963999822735786,0.9579970240592957,0.28531214594841003,0,0.004020145628601313,-0.285317987203598,0.9584239721298218,0,0.00015700000221841037,0.1060900017619133,0,1
B45,mixamorig_RightHandMiddle3,44,0.9999979734420776,0.0019058544421568513,0.000050999999075429514,0,-0.001905999961309135,0.9996119737625122,0.02777799963951111,0,0.0000019999999949504854,-0.02777799963951111,0.9996140003204346,0,-0.000018999999156221747,0.10275900363922119,0,1
B46,mixamorig_RightHandMiddle4,45,1,0,0,0,0,1,0,0,0,0,1,0,-0.00013800000306218863,0.09159000217914581,0,1
B47,mixamorig_RightHandRing1,34,0.9944519996643066,-0.10467500239610672,0.010390999726951122,0,0.1036899983882904,0.9921020269393921,0.07058499753475189,0,-0.01769700087606907,-0.06911599636077881,0.9974520206451416,0,-0.03647800162434578,0.25637900829315186,0.006010999903082848,1
B48,mixamorig_RightHandRing2,47,0.9995920062065125,0.028270000591874123,0.0041229999624192715,0,-0.028270000591874123,0.9579399824142456,0.28557100892066956,0,0.0041229999624192715,-0.28557100892066956,0.9583489894866943,0,0.000007999999979801942,0.09416700154542923,0,1
B49,mixamorig_RightHandRing3,48,0.9999960064888,0.0027528544887900352,0.00003885446858475916,0,-0.0027528544887900352,0.9996100068092346,0.027803000062704086,0,0.000037999998312443495,-0.027803000062704086,0.9996129870414734,0,-0.000009999999747378752,0.08698000013828278,0,1
B50,mixamorig_RightHandRing4,49,1,0,0,0,0,1,0,0,0,0,1,0,0.0000019999999949504854,0.07747200131416321,0,1
B51,mixamorig_RightHandPinky1,34,0.9940019845962524,-0.10683900117874146,0.023374145850539207,0,0.10495900362730026,0.9919660091400146,0.07061585783958435,0,-0.030731000006198883,-0.0677388533949852,0.9972299933433533,0,-0.08599700033664703,0.25457900762557983,0.005853999871760607,1
B52,mixamorig_RightHandPinky2,51,0.9996179938316345,0.02735299989581108,0.004029000177979469,0,-0.027363000437617302,0.9578649997711182,0.2859109938144684,0,0.0039610001258552074,-0.28591200709342957,0.9582480192184448,0,-0.00005199999941396527,0.07827500253915787,0,1
B53,mixamorig_RightHandPinky3,52,0.9999998807907104,0.0007468858384527266,0.0000928021763684228,0,-0.0007490313146263361,0.9996111392974854,0.027558987960219383,0,-0.00007096270564943552,-0.027558987960219383,0.9996112585067749,0,0.00006900000153109431,0.061941999942064285,0,1
B54,mixamorig_RightHandPinky4,53,1,0,0,0,0,1,0,0,0,0,1,0,-0.000015999999959603883,0.05420200154185295,0,1
B55,mixamorig_LeftUpLeg,0,-0.9906958341598511,0.08954621106386185,0.09258154779672623,0,-0.05352067947387695,-0.9319115877151489,0.3443974554538727,0,0.12107142806053162,0.33707648515701294,0.9290207624435425,0,0.1880349963903427,-0.12249399721622467,0.04344800114631653,1
B56,mixamorig_LeftLeg,55,0.9620157480239868,-0.27189773321151733,0.007588118780404329,0,0.18876473605632782,0.6452167630195618,-0.7391639351844788,0,0.19683130085468292,0.7127376794815063,0.6720564961433411,0,0,1.1067359447479248,0,1
B57,mixamorig_LeftFoot,56,0.9680328369140625,0.22897982597351074,0.09486087411642075,0,-0.08888900279998779,-0.0385102853178978,0.9932828545570374,0,0.2332688271999359,-0.9708031415939331,-0.017218634486198425,0,0,1.0646979808807373,0,1
B58,mixamorig_LeftToeBase,57,0.998071014881134,-0.0093624172732234,0.06033988296985626,0,-0.029821716248989105,0.7942901849746704,0.600569486618042,0,-0.053692325949668884,-0.601195752620697,0.7924832105636597,0,0,0.39963701367378235,0,1
B59,mixamorig_LeftToe_End,58,1,0,0,0,0,1,0,0,0,0,1,0,0,0.16027100384235382,0,1
B60,mixamorig_RightUpLeg,0,-0.9725890159606934,0.21247601509094238,-0.09281983226537704,0,-0.20811747014522552,-0.6296718120574951,0.7462654113769531,0,0.09944833070039749,0.7455107569694519,0.6565642952919006,0,-0.1880349963903427,-0.12249399721622467,0.04724099859595299,1
B61,mixamorig_RightLeg,60,0.9968889951705933,-0.07144909352064133,0.026312364265322685,0,-0.04424433037638664,-0.8313210010528564,-0.5473533868789673,0,0.0624484084546566,0.54439377784729,-0.8322104811668396,0,0,1.1064130067825317,0,1
B62,mixamorig_RightFoot,61,0.9818152785301208,-0.1719340980052948,-0.07727102190256119,0,0.14701072871685028,0.4350421726703644,0.8872001767158508,0,-0.11872569471597672,-0.8824348449707031,0.4524849057197571,0,0,1.0645370483398438,0,1
B63,mixamorig_RightToeBase,62,0.9987137317657471,0.0002124782040482387,-0.05070829391479492,0,0.025786632671952248,0.8589149713516235,0.5114690661430359,0,0.04366258159279823,-0.5121181607246399,0.857804000377655,0,0,0.4002879858016968,0,1
B64,mixamorig_RightToe_End,63,1,0,0,0,0,1,0,0,0,0,1,0,0,0.1606930047273636,0,1
@52,0,1,2,3,4,5,7,8,9,10,11,12,13,15,16,17,19,20,21,23,24,25,27,28,29,31,32,33,34,35,36,37,39,40,41,43,44,45,47,48,49,51,52,53,55,56,57,58,60,61,62,63
K0.000,0.9920920133590698,-0.09181900322437286,0.08556800335645676,0,0.07912900298833847,0.9867799878120422,0.14143499732017517,0,-0.0974230021238327,-0.13354599475860596,0.9862419962882996,0,0.013232000172138214,2.288377046585083,-0.03014099970459938,1,0.9681900143623352,0.09644699841737747,-0.230881005525589,0,-0.03181900084018707,0.9626929759979248,0.2687169909477234,0,0.24818499386310577,-0.25282299518585205,0.935139000415802,0,0,0.2202170044183731,0.008104999549686909,1,0.9992430210113525,0.020416000857949257,-0.033121999353170395,0,-0.022342000156641006,0.9980159997940063,-0.05886000022292137,0,0.03185399994254112,0.05955500155687332,0.997717022895813,0,0,0.25709301233291626,0,1,0.9992899894714355,0.01823900081217289,-0.032965000718832016,0,-0.020136000588536263,0.9981039762496948,-0.05815799906849861,0,0.03184200078248978,0.0587799996137619,0.9977629780769348,0,0,0.2938210070133209,0,1,0.9976379871368408,-0.055025000125169754,0.041110001504421234,0,0.05329800024628639,0.9976959824562073,0.041985999792814255,0,-0.0433260016143322,-0.03969600051641464,0.9982720017433167,0,0,0.3305479884147644,0,1,0.993232011795044,0.034669000655412674,0.11084800213575363,0,0.004900000058114529,0.9410520195960999,-0.3382270038127899,0,-0.11603999882936478,0.3364810049533844,0.9345129728317261,0,0,0.12481100112199783,-0.008554999716579914,1,0.16068699955940247,0.04505600035190582,-0.9859769940376282,0,0.933866024017334,-0.3303000032901764,0.13710099458694458,0,-0.3194909989833832,-0.942799985408783,-0.09515099972486496,0,0.1384260058403015,0.2913219928741455,0.001838000025600195,1,0.4914090037345886,-0.26271501183509827,-0.8303599953651428,0,0.7978270053863525,0.5181419849395752,0.3082219958305359,0,0.3492699861526489,-0.8139470219612122,0.4642210006713867,0,0,0.2904999852180481,0,1,0.3030650019645691,0.952830970287323,-0.01627499982714653,0,-0.9525279998779297,0.30235999822616577,-0.035631999373435974,0,-0.029030000790953636,0.026302000507712364,0.9992319941520691,0,0,0.4395270049571991,0,1,0.9621959924697876,-0.196943998336792,0.18812599778175354,0,0.1906999945640564,0.9803270101547241,0.05091699957847595,0,-0.19445300102233887,-0.013117000460624695,0.9808239936828613,0,0,0.5992599725723267,0,1,0.872281014919281,0.4647740125656128,-0.15202100574970245,0,-0.39235299825668335,0.8507459759712219,0.349700003862381,0,0.29186299443244934,-0.24539099633693695,0.9244449734687805,0,-0.0829010009765625,0.056887999176979065,0.033245999366045,1,0.9999600052833557,-0.006180999800562859,-0.0065379999577999115,0,0.006390000227838755,0.9994540214538574,0.032412998378276825,0,0.006333999801427126,-0.0324539989233017,0.9994530081748962,0,-0.0114120002835989,0.08394499868154526,0,1,0.9962170124053955,0.08662199974060059,0.00698099983856082,0,-0.08626300096511841,0.995415985584259,-0.041297998279333115,0,-0.010525999590754509,0.040539998561143875,0.9991220235824585,0,0.001142999972216785,0.0930820032954216,0,1,0.9932550191879272,0.11595200002193451,-0.00020900000527035445,0,-0.11507699638605118,0.9859780073165894,0.12084999680519104,0,0.014217999763786793,-0.12001000344753265,0.992671012878418,0,-0.09299299865961075,0.2458769977092743,0.003114999970421195,1,0.9996479749679565,-0.02639799937605858,-0.0028250000905245543,0,0.02639799937605858,0.9769930243492126,0.21163000166416168,0,-0.0028260000981390476,-0.21163000166416168,0.9773460030555725,0,0.000015999999959603883,0.08608599752187729,0,1,0.9999790191650391,-0.006467000115662813,-0.00016799999866634607,0,0.006467000115662813,0.9986339807510376,0.05184200033545494,0,-0.00016799999866634607,-0.05184200033545494,0.9986550211906433,0,-0.000009999999747378752,0.08524399995803833,0,1,0.993183970451355,0.11648000031709671,-0.00431999983265996,0,-0.1151140034198761,0.9860079884529114,0.1205729991197586,0,0.018303999677300453,-0.11925400048494339,0.9926949739456177,0,-0.03177399933338165,0.24490000307559967,0.004255000036209822,1,0.9996700286865234,-0.02555299922823906,-0.002739999908953905,0,0.02555299922823906,0.9769330024719238,0.212009996175766,0,-0.0027409999165683985,-0.212009996175766,0.9772639870643616,0,0.000011000000085914508,0.10925000160932541,0,1,0.9999799728393555,-0.006252000108361244,-0.00016199999663513154,0,0.006252000108361244,0.9986339807510376,0.05186700075864792,0,-0.00016199999663513154,-0.05186700075864792,0.9986540079116821,0,-0.000015999999959603883,0.10728400200605392,0,1,0.9931880235671997,0.11644300073385239,-0.004284000024199486,0,-0.11507599800825119,0.9859780073165894,0.12084899842739105,0,0.018295999616384506,-0.1195330023765564,0.9926620125770569,0,0.034658998250961304,0.2718319892883301,0.003166999900713563,1,0.9996700286865234,-0.025529000908136368,-0.0027340000960975885,0,0.025529000908136368,0.9769930243492126,0.2117370069026947,0,-0.0027340000960975885,-0.2117370069026947,0.9773229956626892,0,0.000006000000212225132,0.08845499902963638,0,1,0.9998109936714172,-0.019384000450372696,-0.0015689999563619494,0,0.019384000450372696,0.986801028251648,0.16077299416065216,0,-0.0015689999563619494,-0.16077299416065216,0.9869899749755859,0,0.000039999998989515007,0.08349200338125229,0,1,0.9986699819564819,0.048406001180410385,-0.017736999318003654,0,-0.04613799974322319,0.9926999807357788,0.11143899708986282,0,0.023002000525593758,-0.11047299951314926,0.9936130046844482,0,0.0901079997420311,0.269336998462677,0.0028699999675154686,1,0.9989060163497925,0.04671600088477135,-0.00215999991632998,0,-0.045093998312950134,0.9744150042533875,0.2201859951019287,0,0.012391000054776669,-0.21984800696372986,0.9754559993743896,0,0.00013499999477062374,0.0707089975476265,0,1,0.9996860027313232,-0.02498600073158741,-0.0019990000873804092,0,0.024981999769806862,0.9866589903831482,0.1608700007200241,0,-0.0020469999872148037,-0.1608700007200241,0.9869740009307861,0,0.0000870000003487803,0.05762600153684616,0,1,0.09321100264787674,-0.02416899986565113,0.9953529834747314,0,-0.9409329891204834,-0.32897400856018066,0.08012700080871582,0,0.3255090117454529,-0.9440299868583679,-0.053405001759529114,0,-0.1384260058403015,0.2912929952144623,0.0010499999625608325,1,0.954177975654602,-0.23390699923038483,-0.18663500249385834,0,0.29875698685646057,0.7800909876823425,0.5497289896011353,0,0.017007000744342804,-0.5802980065345764,0.8142269849777222,0,0,0.2904999852180481,0,1,-0.04166800156235695,-0.9987589716911316,0.02728700079023838,0,0.9984899759292603,-0.042603999376297,-0.03468399867415428,0,0.03580399975180626,0.025800000876188278,0.9990260004997253,0,0,0.4395669996738434,0,1,0.9587730169296265,0.007685000076889992,-0.2840690016746521,0,-0.1108269989490509,0.9305909872055054,-0.34887999296188354,0,0.2616710066795349,0.36597898602485657,0.8930780291557312,0,0,0.5990020036697388,0,1,0.9148129820823669,-0.3318620026111603,0.23018699884414673,0,0.2815049886703491,0.9326149821281433,0.22579500079154968,0,-0.2896080017089844,-0.14176100492477417,0.9465889930725098,0,0.07858700305223465,0.055858999490737915,0.03144000098109245,1,0.9982410073280334,0.050974998623132706,0.030282000079751015,0,-0.050078000873327255,0.9983050227165222,-0.02965099923312664,0,-0.031741999089717865,0.028082000091671944,0.999101996421814,0,0.009664000011980534,0.08055300265550613,0,1,0.9957730174064636,-0.09181500226259232,0.0023189999628812075,0,0.09169500321149826,0.9923980236053467,-0.08208499848842621,0,0.005235999822616577,0.08195099979639053,0.9966229796409607,0,-0.0007980000227689743,0.09821899980306625,0,1,0.9945819973945618,-0.10395599901676178,0.00009200000204145908,0,0.1036899983882904,0.9921020269393921,0.07058600336313248,0,-0.007428999990224838,-0.07019399851560593,0.9975060224533081,0,0.09475299715995789,0.2529670000076294,0.004517999943345785,1,0.9995020031929016,0.031216999515891075,0.004548000171780586,0,-0.031216999515891075,0.9579399824142456,0.2852649986743927,0,0.004548999946564436,-0.2852649986743927,0.958437979221344,0,0.000014999999621068127,0.0848739966750145,0,1,0.9999949932098389,0.00303900009021163,0.000043000000005122274,0,-0.00303900009021163,0.9996100068092346,0.027775000780820847,0,0.00004199999966658652,-0.027775000780820847,0.9996140003204346,0,0.000014000000192027073,0.08154100179672241,0,1,0.9947630167007446,-0.10219399631023407,0.0017869999865069985,0,0.10181400179862976,0.9922959804534912,0.07058200240135193,0,-0.008987000212073326,-0.07002999633550644,0.9975039958953857,0,0.02772199921309948,0.2502959966659546,0.0038469999562948942,1,0.9995719790458679,0.02890699915587902,0.0044120000675320625,0,-0.028963999822735786,0.9579970240592957,0.2853130102157593,0,0.004021000117063522,-0.285317987203598,0.9584239721298218,0,0.00015700000221841037,0.1060900017619133,0,1,0.9999979734420776,0.0019049999536946416,0.000050999999075429514,0,-0.001905999961309135,0.9996119737625122,0.02777799963951111,0,0.0000019999999949504854,-0.02777799963951111,0.9996140003204346,0,-0.000018999999156221747,0.10275900363922119,0,1,0.9944519996643066,-0.10467500239610672,0.010390999726951122,0,0.1036899983882904,0.9921020269393921,0.07058499753475189,0,-0.01769700087606907,-0.06911599636077881,0.9974520206451416,0,-0.03647800162434578,0.25637900829315186,0.006010999903082848,1,0.9995920062065125,0.028270000591874123,0.0041229999624192715,0,-0.028270000591874123,0.9579399824142456,0.28557100892066956,0,0.0041240002028644085,-0.28557100892066956,0.9583489894866943,0,0.000007999999979801942,0.09416700154542923,0,1,0.9999960064888,0.0027520000003278255,0.000037999998312443495,0,-0.0027520000003278255,0.9996100068092346,0.027803000062704086,0,0.000037999998312443495,-0.027803000062704086,0.9996129870414734,0,-0.000009999999747378752,0.08698000013828278,0,1,0.9940019845962524,-0.10683900117874146,0.023375000804662704,0,0.10495900362730026,0.9919660091400146,0.0706150010228157,0,-0.030731000006198883,-0.06773799657821655,0.9972299933433533,0,-0.08599700033664703,0.25457900762557983,0.005853999871760607,1,0.9996179938316345,0.02735299989581108,0.004027999937534332,0,-0.027362000197172165,0.9578649997711182,0.2859109938144684,0,0.003961999900639057,-0.28591200709342957,0.9582480192184448,0,-0.00005199999941396527,0.07827500253915787,0,1,1,0.000770999991800636,0.00009300000237999484,0,-0.0007730000070296228,0.9996119737625122,0.027837999165058136,0,-0.00007100000220816582,-0.027837999165058136,0.9996119737625122,0,0.00006900000153109431,0.061941999942064285,0,1,-0.9800990223884583,-0.14444400370121002,0.1361680030822754,0,0.19844399392604828,-0.6952940225601196,0.6907870173454285,0,-0.005102999974042177,0.704060971736908,0.7101209759712219,0,0.1880349963903427,-0.12249399721622467,0.04344800114631653,1,0.9925169944763184,0.11489599943161011,-0.041338998824357986,0,0.039512999355793,-0.6225460171699524,-0.7815849781036377,0,-0.11553599685430527,0.7741029858589172,-0.6224269866943359,0,0,1.1067359447479248,0,1,0.9833880066871643,0.12343399971723557,0.13309000432491302,0,-0.17567700147628784,0.4626849889755249,0.8689420223236084,0,0.04567800089716911,-0.877888023853302,0.47668299078941345,0,0,1.0646979808807373,0,1,0.9986940026283264,0,0.051082998514175415,0,-0.026072999462485313,0.8599330186843872,0.5097399950027466,0,-0.04392800107598305,-0.5104069709777832,0.8588100075721741,0,0,0.39963701367378235,0,1,-0.9911820292472839,-0.09451600164175034,-0.0928720012307167,0,0.09241300076246262,-0.9953629970550537,0.026693999767303467,0,-0.09496399760246277,0.017875999212265015,0.9953200221061707,0,-0.1880349963903427,-0.12249399721622467,0.04724099859595299,1,0.9870989918708801,0.08939199894666672,0.1328359991312027,0,0.016860000789165497,0.76699298620224,-0.6414340138435364,0,-0.15922300517559052,0.6353979706764221,0.75559002161026,0,0,1.1064130067825317,0,1,0.9800480008125305,-0.19857099652290344,-0.008662999607622623,0,0.045148998498916626,0.179966002702713,0.9826359748840332,0,-0.19356399774551392,-0.9634220004081726,0.1853410005569458,0,0,1.0645370483398438,0,1,0.9952369928359985,0.04939299821853638,-0.08404099941253662,0,0.05071999877691269,0.47386300563812256,0.8791369795799255,0,0.08324799686670303,-0.8792120218276978,0.4690999984741211,0,0,0.4002879858016968,0,1
K0.033,0.9953269958496094,-0.05873975530266762,0.07663585245609283,0,0.04701775684952736,0.9880649447441101,0.1466832458972931,0,-0.08433683216571808,-0.1423942893743515,0.9862099289894104,0,0.007243905682116747,2.333106756210327,0.014227071776986122,1,0.9617839455604553,0.04598765820264816,-0.26991915702819824,0,0.005683138035237789,0.9822291135787964,0.18759718537330627,0,0.2737501263618469,-0.181962251663208,0.9444310665130615,0,0,0.2202170044183731,0.008104999549686909,1,0.9991750121116638,0.01838289573788643,-0.03622501716017723,0,-0.019643887877464294,0.9992020130157471,-0.03476574271917343,0,0.03555702418088913,0.03544873744249344,0.9987390041351318,0,0,0.25709301233291626,0,1,0.9992210268974304,0.01614190638065338,-0.036001019179821014,0,-0.017414897680282593,0.9992240071296692,-0.0353427492082119,0,0.03540302440524101,0.03594174608588219,0.998727023601532,0,0,0.2938210070133209,0,1,0.997310996055603,-0.05253995954990387,0.05109807848930359,0,0.049107957631349564,0.9965940117835999,0.06625090539455414,0,-0.05440507084131241,-0.06356390565633774,0.9964939951896667,0,0,0.3305479884147644,0,1,0.9848289489746094,0.047660037875175476,0.16685737669467926,0,0.0058540236204862595,0.9518730640411377,-0.3064357340335846,0,-0.1734313666820526,0.3027637302875519,0.9371529817581177,0,0,0.12481100112199783,-0.008554999716579914,1,0.1556219905614853,0.04382699728012085,-0.986844003200531,0,0.9398470520973206,-0.314103901386261,0.13426098227500916,0,-0.30408692359924316,-0.9483770728111267,-0.09007197618484497,0,0.1384260058403015,0.2913219928741455,0.001838000025600195,1,0.38020703196525574,-0.3478923738002777,-0.8569798469543457,0,0.8551580905914307,0.4852047264575958,0.18242904543876648,0,0.3523445725440979,-0.8022140264511108,0.4819813370704651,0,0,0.2904999852180481,0,1,0.14826984703540802,0.9887009859085083,-0.022066006436944008,0,-0.9883859753608704,0.14739684760570526,-0.03697400167584419,0,-0.03330400213599205,0.02729099988937378,0.9990730285644531,0,0,0.4395270049571991,0,1,0.9290958046913147,-0.27390098571777344,0.24851159751415253,0,0.2538100481033325,0.9609529972076416,0.11022581160068512,0,-0.26899951696395874,-0.039335642009973526,0.9623368382453918,0,0,0.5992599725723267,0,1,0.8682318925857544,0.47246116399765015,-0.15150398015975952,0,-0.39969515800476074,0.8469429612159729,0.3506150245666504,0,0.293967068195343,-0.24385997653007507,0.9241840243339539,0,-0.0829010009765625,0.056887999176979065,0.033245999366045,1,0.9999309778213501,0.005713264457881451,-0.010244082659482956,0,-0.0053832619450986385,0.9994770288467407,0.03187498822808266,0,0.010421090759336948,-0.03181798383593559,0.999439001083374,0,-0.0114120002835989,0.08394499868154526,0,1,0.9957020282745361,0.09248413145542145,0.004916953854262829,0,-0.09220313280820847,0.9948779940605164,-0.041433002799749374,0,-0.008723960258066654,0.0408020056784153,0.9991289973258972,0,0.001142999972216785,0.0930820032954216,0,1,0.9934489727020264,0.11427801102399826,-0.0004249991325195879,0,-0.11318501085042953,0.9844480156898499,0.13435393571853638,0,0.01577199436724186,-0.13342593610286713,0.9909330010414124,0,-0.09299299865961075,0.2458769977092743,0.003114999970421195,1,0.9996010065078735,-0.028054991737008095,-0.003195998491719365,0,0.028054991737008095,0.9739750027656555,0.22491393983364105,0,-0.0031969984993338585,-0.22491393983364105,0.9743729829788208,0,0.000015999999959603883,0.08608599752187729,0,1,0.9999729990959167,-0.0073149967938661575,-0.00021499978902284056,0,0.0073149967938661575,0.9982519745826721,0.058639973402023315,0,-0.0002149998035747558,-0.058639973402023315,0.9982789754867554,0,-0.000009999999747378752,0.08524399995803833,0,1,0.9933710098266602,0.11486200988292694,-0.004528998862951994,0,-0.11322300881147385,0.9844809770584106,0.13407793641090393,0,0.019858993589878082,-0.13267594575881958,0.9909600019454956,0,-0.03177399933338165,0.24490000307559967,0.004255000036209822,1,0.9996259808540344,-0.027154995128512383,-0.003099998692050576,0,0.027154995128512383,0.9739109873771667,0.22529993951320648,0,-0.003098998684436083,-0.22529993951320648,0.9742850065231323,0,0.000011000000085914508,0.10925000160932541,0,1,0.9999750256538391,-0.0070709967985749245,-0.0002079998084809631,0,0.0070709967985749245,0.9982519745826721,0.05866897478699684,0,-0.0002079998084809631,-0.05866897478699684,0.9982770085334778,0,-0.000015999999959603883,0.10728400200605392,0,1,0.9933760166168213,0.11482400447130203,-0.00449299905449152,0,-0.11318501085042953,0.9844480156898499,0.13435393571853638,0,0.019849995151162148,-0.132954940199852,0.9909229874610901,0,0.034658998250961304,0.2718319892883301,0.003166999900713563,1,0.9996269941329956,-0.02713199518620968,-0.0030929986387491226,0,0.02713199518620968,0.9739739894866943,0.225027933716774,0,-0.0030929986387491226,-0.225027933716774,0.9743469953536987,0,0.000006000000212225132,0.08845499902963638,0,1,0.9997950196266174,-0.020194996148347855,-0.0017039994709193707,0,0.020194996148347855,0.9856669902801514,0.16749197244644165,0,-0.0017029994633048773,-0.16749197244644165,0.9858719706535339,0,0.000039999998989515007,0.08349200338125229,0,1,0.9987180233001709,0.04696700721979141,-0.018872996792197227,0,-0.04425200819969177,0.9911810159683228,0.12491095066070557,0,0.024573994800448418,-0.12391594797372818,0.9919880032539368,0,0.0901079997420311,0.269336998462677,0.0028699999675154686,1,0.9989759922027588,0.04518500715494156,-0.00249299849383533,0,-0.043355006724596024,0.9713990092277527,0.233459934592247,0,0.012969997711479664,-0.23311294615268707,0.9723629951477051,0,0.00013499999477062374,0.0707089975476265,0,1,0.9996659755706787,-0.025755995884537697,-0.002159999217838049,0,0.025752997025847435,0.9855200052261353,0.16759197413921356,0,-0.00218699942342937,-0.16759197413921356,0.9858540296554565,0,0.0000870000003487803,0.05762600153684616,0,1,0.08235695213079453,-0.022329989820718765,0.9963529706001282,0,-0.9468920230865479,-0.31356096267700195,0.07124096155166626,0,0.31082695722579956,-0.94930499792099,-0.046968974173069,0,-0.1384260058403015,0.2912929952144623,0.0010499999625608325,1,0.9637891054153442,-0.22120483219623566,-0.14892829954624176,0,0.26657944917678833,0.8135369420051575,0.5168102979660034,0,0.006838446017354727,-0.5377970933914185,0.8430469036102295,0,0,0.2904999852180481,0,1,-0.3747694790363312,-0.9263032078742981,0.03885805234313011,0,0.9260542392730713,-0.3760174810886383,-0.03216797485947609,0,0.04440903663635254,0.02392897941172123,0.998727023601532,0,0,0.4395669996738434,0,1,0.9190263748168945,0.3797113001346588,-0.10587041825056076,0,-0.3930847644805908,0.8626306653022766,-0.31835994124412537,0,-0.02955772913992405,0.33419710397720337,0.9420390725135803,0,0,0.5990020036697388,0,1,0.9243200421333313,-0.29373279213905334,0.24362505972385406,0,0.24151377379894257,0.9445430636405945,0.22250600159168243,0,-0.29547104239463806,-0.1468280553817749,0.9440010190010071,0,0.07858700305223465,0.055858999490737915,0.03144000098109245,1,0.9983659982681274,0.04768785834312439,0.031480055302381516,0,-0.04675385728478432,0.9984620213508606,-0.029790004715323448,0,-0.03285305202007294,0.02827000804245472,0.9990599751472473,0,0.009664000011980534,0.08055300265550613,0,1,0.9956200122833252,-0.09344806522130966,0.0029410296119749546,0,0.09337307512760162,0.9922379851341248,-0.0821240022778511,0,0.004755976609885693,0.0820389986038208,0.9966179728507996,0,-0.0007980000227689743,0.09821899980306625,0,1,0.9945819973945618,-0.10395599901676178,0.00009200000204145908,0,0.1036899983882904,0.9921020269393921,0.07058600336313248,0,-0.007428999990224838,-0.07019399851560593,0.9975060224533081,0,0.09475299715995789,0.2529670000076294,0.004517999943345785,1,0.9995020031929016,0.031216999515891075,0.004548000171780586,0,-0.031216999515891075,0.9579399824142456,0.2852649986743927,0,0.004548000171780586,-0.2852649986743927,0.958437979221344,0,0.000014999999621068127,0.0848739966750145,0,1,0.9999949932098389,0.00303900009021163,0.00004199999966658652,0,-0.00303900009021163,0.9996100068092346,0.027775000780820847,0,0.00004199999966658652,-0.027775000780820847,0.9996140003204346,0,0.000014000000192027073,0.08154100179672241,0,1,0.9947630167007446,-0.10219399631023407,0.0017869999865069985,0,0.10181400179862976,0.9922959804534912,0.07058200240135193,0,-0.008985999971628189,-0.07002999633550644,0.9975039958953857,0,0.02772199921309948,0.2502959966659546,0.0038469999562948942,1,0.9995719790458679,0.02890699915587902,0.004412999842315912,0,-0.028963999822735786,0.9579970240592957,0.2853130102157593,0,0.004019999876618385,-0.285317987203598,0.9584239721298218,0,0.00015700000221841037,0.1060900017619133,0,1,0.9999979734420776,0.001905999961309135,0.00005000000965083018,0,-0.001905999961309135,0.9996119737625122,0.02777799963951111,0,0.0000019999999949504854,-0.02777799963951111,0.9996140003204346,0,-0.000018999999156221747,0.10275900363922119,0,1,0.9944519996643066,-0.10467500239610672,0.010390999726951122,0,0.1036899983882904,0.9921020269393921,0.07058499753475189,0,-0.01769700087606907,-0.06911599636077881,0.9974520206451416,0,-0.03647800162434578,0.25637900829315186,0.006010999903082848,1,0.9995920062065125,0.028270000591874123,0.0041229999624192715,0,-0.028270000591874123,0.9579399824142456,0.28557100892066956,0,0.0041229999624192715,-0.28557100892066956,0.9583489894866943,0,0.000007999999979801942,0.09416700154542923,0,1,0.9999960064888,0.0027520000003278255,0.000037999998312443495,0,-0.0027520000003278255,0.9996100068092346,0.027803000062704086,0,0.000037999998312443495,-0.027803000062704086,0.9996129870414734,0,-0.000009999999747378752,0.08698000013828278,0,1,0.9940019845962524,-0.10683900117874146,0.023374000564217567,0,0.10495900362730026,0.9919660091400146,0.0706150010228157,0,-0.030731000006198883,-0.06773799657821655,0.9972299933433533,0,-0.08599700033664703,0.25457900762557983,0.005853999871760607,1,0.9996179938316345,0.02735299989581108,0.004029000177979469,0,-0.027362000197172165,0.9578649997711182,0.2859109938144684,0,0.0039610001258552074,-0.28591200709342957,0.9582480192184448,0,-0.00005199999941396527,0.07827500253915787,0,1,1,0.000770999991800636,0.00009300000237999484,0,-0.0007730000070296228,0.9996119737625122,0.027837999165058136,0,-0.00007100000220816582,-0.027837999165058136,0.9996119737625122,0,0.00006900000153109431,0.061941999942064285,0,1,-0.9856359958648682,-0.15533021092414856,0.06628742814064026,0,0.1405916064977646,-0.5371999144554138,0.8316551446914673,0,-0.0935714915394783,0.8290290236473083,0.5513218641281128,0,0.1880349963903427,-0.12249399721622467,0.04344800114631653,1,0.9890308380126953,0.12390878796577454,0.08040229231119156,0,0.11061475425958633,-0.2605733573436737,-0.9590950012207031,0,-0.09788943827152252,0.9574681520462036,-0.27142149209976196,0,0,1.1067359447479248,0,1,0.9691000580787659,0.23584753274917603,0.07225017249584198,0,-0.19355876743793488,0.5455350875854492,0.8154295682907104,0,0.1529027223587036,-0.8042176365852356,0.5743290185928345,0,0,1.0646979808807373,0,1,0.9986960291862488,0.00001899790731840767,0.051061004400253296,0,-0.02606699988245964,0.8600640296936035,0.5095189809799194,0,-0.04390600323677063,-0.5101850032806396,0.858942985534668,0,0,0.39963701367378235,0,1,-0.9956709742546082,-0.041978880763053894,-0.0829332172870636,0,0.06450497359037399,-0.9544539451599121,-0.29130318760871887,0,-0.0669272243976593,-0.2953912019729614,0.9530289173126221,0,-0.1880349963903427,-0.12249399721622467,0.04724099859595299,1,0.9820040464401245,0.024531377479434013,0.1872585564851761,0,0.033860672265291214,0.9525902271270752,-0.30236467719078064,0,-0.18579821288585663,0.30326375365257263,0.9346173405647278,0,0,1.1064130067825317,0,1,0.9994518160820007,-0.008014662191271782,-0.03212391585111618,0,0.02714625373482704,0.7537871599197388,0.6565564274787903,0,0.018952511250972748,-0.6570692658424377,0.7535920143127441,0,0,1.0645370483398438,0,1,0.9984959959983826,-0.03759064897894859,-0.039903074502944946,0,0.04567979276180267,0.16807810962200165,0.9847109317779541,0,-0.030309293419122696,-0.9850529432296753,0.1695420891046524,0,0,0.4002879858016968,0,1
